-0.48708818637440815
-0.4725706918031761
-0.5177569678804839
-0.5177895733838515
-0.48357405550998134
-0.473419549656359
-0.5198711897364012
-0.4766202758395611
-0.5045184896110416
-0.4840550432928739
-0.47985418709154887
-0.5139112505772166
-0.4964468340864743
-0.4964468340864743
-0.5257568043406095
-0.524403625357767
-0.5136778482971286
-0.4941645460055153
-0.4941645460055153
-0.5232538264171739
-0.5275434078897554
-0.48579786587443397
-0.48579786587443397
-0.5274874727238145
-0.5107400416860107
-0.4990691703998297
-0.4990691703998297
-0.525103107065107
-0.5291014118228248
-0.5289223113345418
-0.5237986153903949
-0.4776933422456674
-0.49838766901667975
-0.49838766901667975
-0.5274688900786451
-0.5246736076207412
-0.5251153125377915
-0.5256894721825945
-0.5242929790866258
-0.5307680302970313
-0.5307680302970313
-0.5014204682143886
-0.5261007673316194
-0.5139789818894757
-0.5139789818894757
-0.49559700157905034
-0.49559700157905034
-0.4746263117403414
-0.5199494591804464
-0.5258287960455763
-0.5292520612379964
-0.5292520612379964
-0.524860091122939
-0.524860091122939
-0.4946682319420301
-0.5318460258203569
-0.5257287219586089
-0.523303000472092
-0.5257901927122943
-0.533343139022832
-0.4714122448265526
-0.5271217898345875
-0.5258009960126477
-0.46303331472574366
-0.5268907088296434
-0.46118501271370504
-0.5265560010704877
-0.5296397955859451
-0.524947008142185
-0.5215286531237032
-0.5309815608959759
-0.5277850638040116
-0.5277850638040116
-0.5277850638040116
-0.5304055386740177
-0.5362298800158712
-0.533274294588949
-0.5330126245787135
-0.5306101655170414
-0.5367016862617005
-0.5275522180783834
-0.5270533440267364
-0.5351156166159611
-0.5268584729159734
-0.532239447115832
-0.5366991918421524
-0.5302212145153673
-0.5302212145153673
-0.5360811784998427
-0.5304857475774899
-0.5304857475774899
-0.5284390231815953
-0.5278263835554726
-0.5343435578265993
-0.5234948091625329
-0.5210709289391485
-0.5263983684527012
-0.5339471019314409
-0.53592973663756
-0.5285425261060329
-0.5372635709272131
-0.5207561489748459
-0.5276278704715954
-0.5209571714307023
-0.5393628992526811
-0.5342110259728281
-0.5208942617817669
-0.5211793496464006
-0.5211793496464006
-0.5410369254706842
-0.5213057052731354
-0.530849155111443
-0.5274503313014316
-0.5274503313014316
-0.5285804877338622
-0.5398994973141074
-0.5209980462674794
-0.523316379655529
-0.5397205443191792
-0.5397205443191792
-0.5333707500596846
-0.5252302774513198
-0.5293756098662561
-0.5308695171064501
-0.5304219334989728
-0.5403116074368912
-0.5403116074368912
-0.45819140709980355
-0.5269999062587283
-0.5263397223527039
-0.5399283149524149
-0.5243477368877243
-0.5287607839921542
-0.4861296978699375
-0.5254607217222172
-0.5416669346088834
-0.5247325528508164
-0.5242458205452057
-0.535787163188315
-0.5380277063252593
-0.5297041577638274
-0.5264125442348819
-0.5414082041815285
-0.5419335670582244
-0.553307513407795
-0.553307513407795
-0.5236250815340173
-0.5436660903650572
-0.5436660903650572
-0.5291401807590251
-0.521317756630343
-0.5485234427422946
-0.5433298114354571
-0.5221195267701934
-0.5321033975438725
-0.5303994278998667
-0.5335532239688565
-0.5335532239688565
-0.5210806655074991
-0.5259533615637584
-0.5233098427786004
-0.5215077979306212
-0.5427937244262244
-0.5236249234530613
-0.521474581670153
-0.45190697480910264
-0.5235829490638343
-0.5515013011524961
-0.5515013011524961
-0.5235002283478105
-0.5235387196720496
-0.5587161162549684
-0.47795173668476054
-0.4600478187083473
-0.5456447025840074
-0.5224524255508431
-0.522477886789157
-0.522477886789157
-0.5225566188769716
-0.5230482765537912
-0.5303321245172394
-0.5610970895135737
-0.5368483317013732
-0.5579667741865474
-0.5237041205129462
-0.5613247671022238
-0.5336145762675015
-0.5354974085879365
-0.5340698928241928
-0.5249199971922512
-0.5277987802452676
-0.5381501707522117
-0.5291146796828783
-0.5351370724083505
-0.5621025146181419
-0.5621025146181419
-0.5265615545699904
-0.527617440157844
-0.5536150175803045
-0.5327768113835079
-0.540275320679769
-0.541467388009111
-0.546715512287212
-0.5300534165213406
-0.4544699019546194
-0.4954399467381799
-0.5361077712811465
-0.5361077712811465
-0.5327791447372624
-0.5695934883095543
-0.5977613157326682
-0.5261496728467274
-0.5333165809451589
-0.6366777550321413
-0.525729198865617
-0.5747149325857125
-0.5447944384789875
-0.5391587608243416
-0.5357128312049676
-0.5264172691971695
-0.5480439093122281
-0.7078634843506935
-0.5328322068966185
-0.5516209295027092
-0.7559731393475724
-0.5265612459070559
-0.7605374045442818
-0.5280280734146641
-0.697445376913755
-0.531370472467689
-0.4884289257754079
-0.5488860571582214
-0.36352039580910456
-0.39232299592598635
-0.5470269362301986
-0.5254252070200081
-0.531950498929725
-0.8000557016885551
-0.7927877043610747
-0.5368800687210902
-0.41519402084775153
-0.6490828762081822
-0.5366783323014579
-0.5233154897315971
-0.5342102022053685
-0.7310585596428872
-0.6279728001453998
-0.694767796669361
-0.44997813260159036
-0.8217219636833142
-0.5281852932517969
-0.5349388382180157
-0.526390081239073
-0.5267568863187001
-0.534645578022781
-0.5346521361408962
-0.5409259387964787
-0.8491368583759952
-0.5397470931145786
-0.5255966868278161
-0.5269950691254546
-0.6124953408725561
-0.5267842857403443
-0.5267842857403443
-0.5379640686606886
-0.5457200994723952
-0.5376923672960654
-0.5360406218946343
-0.40952315677303736
-0.5369698137463076
-0.550623990957342
-0.5377115082426218
-0.40760164626499196
-0.5269357870841005
-0.5267949472368896
-0.656925602533812
-0.5476267781854992
-0.5269871194721173
-0.6703383908087005
-0.6703383908087005
-0.5507347231767724
-0.5793666515366831
-0.5571523780837165
-0.6783706654371524
-0.7035990405811388
-0.5390633945717929
-0.5471792771621872
-0.5279118737007105
-0.5682273505344555
-0.5609310494461746
-0.5913126744212567
-0.5270462262255855
-0.528834541766538
-0.5853936942970285
-0.5721812627713377
-0.4042409020320034
-0.5277202669225319
-0.5375307170746162
-0.5275902099785417
-0.5968171913951252
-0.5968171913951252
-0.5929468005422732
-0.5745359918070401
-0.5768528799068242
-0.6252063125962508
-0.6252063125962508
-0.5286516883734868
-0.6196344033633967
-0.63483171770745
-0.5631084436990363
-0.6111800269140341
-0.5703677916369395
-0.5669371170998949
-0.5660150245821368
-0.6206090610296383
-0.635979338402141
-0.5357120260361281
-0.5318075966061201
-0.45374251770542323
0.9497345797939644
0.9413360761481478
0.9513134928573735
0.9348519594034662
0.9077632154028606
0.907183780728895
0.9103689698630013
0.9045023852697178
0.9066170524975228
0.9092102687829567
0.9322783814164184
0.9261447378471124
0.9297633158054073
0.9092048723114177
0.928035054734334
0.9073982329479325
0.9073982329479325
0.9081973250312817
0.9093941425287375
0.9166210672376679
0.9115518733874767
0.9005533576406447
0.9254439778621069
0.9325111612667694
0.920482775721424
0.9266743148916599
0.9296521190179874
0.9296521190179874
0.9161384451826988
0.923546431089281
0.9292881392512974
0.9051956263845294
0.9299185330379504
0.9249366343067601
0.9185326278440566
0.9270518705095655
0.9235027357476988
0.9143374303806998
0.9110551332142494
0.9298000202458344
0.9186039530207911
0.9245204969928392
0.9279120567858006
0.8942588651390639
0.9309623915635973
0.9334685009668303
0.9269111390434825
0.9065710966952741
0.9220079665138015
0.9028893225766439
0.9127757202045008
0.9025738061597771
0.9381062186362326
0.9096272000124949
0.9337537900389945
0.9337537900389945
0.9098127008002763
0.927551711402809
0.9274618705663268
0.9287349822566296
0.918880363632384
0.9095619941952983
0.9205803197606173
0.9205803197606173
0.9018436429486094
0.9064196863769605
0.9124449405979285
0.9014886166851974
0.9015060165990983
0.9382968079408678
0.9087538733749064
0.9064102976722669
0.9240467525009023
0.8984080972603636
0.9489120802124882
0.9402931084626441
0.9494688959865346
0.9494688959865346
0.9283581246345646
0.9203189734445372
0.9474019448061038
0.9502563469680824
0.9492567582281966
0.9115266107575398
0.9406558325329306
0.9515291629553817
0.9471514298133731
0.8980752046730296
0.9410976445433411
0.9013781466585331
0.9416409947171808
0.951329355319287
0.9361561049226005
0.9066135796186567
0.9286123161026889
0.9365763390399482
0.936066646127613
0.9481377803753762
0.9339852690232684
0.9269646738057898
0.9235234752780338
0.8889417338852312
0.932352087878636
0.9336366912890735
0.8945415282959785
0.8945415282959785
0.9246186108512496
0.9246186108512496
0.9296887784617116
0.8977447874424253
0.9496882763320523
0.9421532664768058
0.9130642933272342
0.9529650418469189
0.8950990641656678
0.9012549194864108
0.9327287052224009
0.9340521156949628
0.9347036162656867
0.9316763580263571
0.9431200477365
0.9152139447416897
0.9093824324757062
0.9398475415582364
0.9215178252902871
0.942070533547135
0.9352693087698106
0.8859273040880938
0.938372759966942
0.9201035484095821
0.9470563892460955
0.9381978527492174
0.9173234514056693
0.9185249340691739
0.930283841832024
0.9225842438288694
0.9264724889254956
0.9002395750570908
0.9416474885696764
0.9416474885696764
0.9383225609769774
0.9383225609769774
0.894267447631362
0.9310838116107393
0.9505465717720295
0.9304851196713587
0.9454697785695045
0.9152192481310617
0.9381013949775698
0.9437715104906369
0.9392195465745118
0.9221194953010449
0.9310443886262567
0.8909030290678991
0.939176973352582
0.9382221696747145
0.9166063773463838
0.9483523195433786
0.9400733860804068
0.9302070255598928
0.951158280175316
0.9187356637059074
0.9171145316665573
0.9357875303947998
0.9302156090673102
0.9145668620501024
0.9367815307715598
0.9192397024613599
0.9245192572945978
0.9203661528241689
0.8971258059557202
0.9380930909611382
0.9364747002209559
0.9155000291858137
0.9375243041792091
0.9170326281526708
0.9332830299160444
0.9128937190439287
0.9363092660757263
0.9233830644928875
0.9210591706655938
0.9263708577668062
0.9263708577668062
0.9244058902362018
0.9446540095603995
0.9175851244872653
0.9114613861778847
0.9159064108284002
0.9383360385582733
0.91254472887906
0.9194014519987144
0.9376561225017095
0.9344253550781522
0.9344253550781522
0.9045749428281679
0.9484635454036422
0.9456776143956924
0.9396359980270623
0.9148954685128572
0.91721344378122
0.9302785984379999
0.9369548283738254
0.9391245706503583
0.9408439860042297
0.931806843491682
0.9329196826132018
0.9354104897900024
0.9289434879410774
0.9199508710116299
0.9432694913720174
0.9432694913720174
0.9201005720601221
0.9403019210886697
0.9403019210886697
0.9212436984158514
0.9195677787750504
0.9359137381479231
0.938901654614592
0.920607503304233
0.9355592932041848
0.9197133476889181
0.9485455547640778
0.9406095245067552
0.9206661993270944
0.9466396311905734
0.9449585979723463
0.9449585979723463
0.9218477226633558
0.9228969533709187
0.9470726071338035
0.9499316320118592
0.9504210994790421
0.9504210994790421
0.9516843343281459
0.9238052229929883
0.9523991168074615
0.9523991168074615
0.9280302252549403
0.9231355262097424
0.9521254799288906
0.9448427406111867
0.9225366577416008
0.9539711531711281
0.9539711531711281
0.9528136960315874
0.9232659936604751
0.9473663339254025
0.9481303700560759
0.9451091014299613
0.9498509863880936
0.9456249925233502
0.9549304418522779
0.9528891559084748
0.9528891559084748
0.9534520359335472
0.9481798993389681
0.927795511254205
0.949729182158641
0.9538650584230043
0.9542965760158697
0.9307578604227544
0.9335996221272879
0.9546888384649108
0.9529999895987561
0.9308810310988498
0.9547479578441105
0.9336179781849766
0.9547583223689293
0.9536783564254201
-0.4703471741248547
-0.4706925523943872
-0.4710846701435066
-0.4737357335625378
-0.4737357335625378
-0.4680268823112782
-0.4680268823112782
-0.49116070344739304
-0.4924520902285582
-0.49168318352291046
-0.46939233706205835
-0.4876084352656577
-0.46986356565076426
-0.49103648275361933
-0.474406695624497
-0.474406695624497
-0.4917026957211295
-0.4737821514628802
-0.4883041346746741
-0.48810461862359156
-0.474833893978242
-0.47567925780591985
-0.4746365764592821
-0.48756790226839825
-0.4746016334613468
-0.4909546348820949
-0.4882833017778741
-0.48989579673776146
-0.4743636427801667
-0.4919816993821282
-0.4750803059064399
-0.4776030490864435
-0.4747926091120398
-0.4778027185569047
-0.49244140249432955
-0.47607284309787723
-0.4880744127658217
-0.4885485403832758
-0.4773443371417957
-0.4773443371417957
-0.4772468162320444
-0.4927941715554454
-0.49616674582855835
-0.47795796370856847
-0.47807356926790634
-0.49081558603874165
-0.49448311356516256
-0.4879996458465109
-0.5027526515923307
-0.47869715289223247
-0.47869715289223247
-0.47886641697720983
-0.4950050502137443
-0.4820442167938969
-0.4795598192031389
-0.48052745082709425
-0.4797493280478521
-0.4801188161295931
-0.48133476679771076
-0.49477470398364204
-0.4875615566731223
-0.49563060996167113
-0.48002268555252037
-0.48002268555252037
-0.494538303365006
-0.48148867906233195
-0.48148867906233195
-0.4904095756771221
-0.48830211849569044
-0.48872170029138334
-0.4891116783924852
-0.48824002471043854
-0.49229509887241524
-0.4890384332742282
-0.4822334264577566
-0.4972361284063351
-0.48775117222706627
-0.48352370232771164
-0.4961273171892193
-0.4945464900406015
-0.48884255559126494
-0.4887229003066652
-0.4887229003066652
-0.4897151637004764
-0.49023095440894976
-0.4908367160568805
-0.49085716746656693
-0.4901743453619308
-0.4901743453619308
-0.4935115531857686
-0.4887948269590013
-0.4900986348331239
-0.4900986348331239
-0.4910439672548542
-0.49792619059146015
-0.49852308741661083
-0.49295237064366293
-0.49990665742811546
-0.4916739257671488
-0.48911936709620557
-0.48839506715755027
-0.5003675543868845
-0.4884976639359085
-0.4884455712846586
-0.4986738395614376
-0.49440684679878444
-0.49155965460711354
-0.4893038058043359
-0.4893038058043359
-0.49720757417650596
-0.49163782887162477
-0.49544295257721715
-0.4847213713609635
-0.4929217834665441
-0.4941995976488824
-0.4904407029694524
-0.4904407029694524
-0.4920316696078594
-0.49739490316144025
-0.4920016279748422
-0.4920016279748422
-0.49129996518950897
-0.49327893356621244
-0.49653447472306916
-0.4940820294597343
-0.49980013765572845
-0.49497890428533886
-0.4953000047191004
-0.4953000047191004
-0.4913946152408914
-0.49235480217817024
-0.49613287157539754
-0.49584766178575995
-0.49584766178575995
-0.495314118272761
-0.495314118272761
-0.49758807505814967
-0.4977872440183665
-0.4916492029470327
-0.4937167856270669
-0.5000321832258964
-0.4931738947426789
-0.4909992015976217
-0.49563574414363576
-0.5020304137356659
-0.49273100969354316
-0.5073056302327459
-0.4972113065388297
-0.49270294208131704
-0.4937632233110805
-0.5025467181677163
-0.493194388755909
-0.4938617404709524
-0.4938617404709524
-0.49280711016981776
-0.49274133357683303
-0.49274133357683303
-0.4990188531120155
-0.4990188531120155
-0.4931482766674918
-0.49320335761533574
-0.49320335761533574
-0.4930107814207262
-0.49302420252365764
-0.4959387997247081
-0.4968662768933602
-0.49579237295086726
-0.49411714681623614
-0.4937226335293968
-0.4937226335293968
-0.4997612428741433
-0.4997612428741433
-0.49929768042840095
-0.49364159795429013
-0.49431330825797243
-0.49333510900656796
-0.4960941569769566
-0.5027399447394529
-0.49355903849704724
-0.4947927001414897
-0.500059461725764
-0.49400343577655176
-0.5076476885188409
-0.49390714586055706
-0.49705162700892835
-0.49656979693394204
-0.4940711935110712
-0.4961690898980444
-0.5062288946792702
-0.49392472475147503
-0.49392472475147503
-0.4975557913606413
-0.49863261028341666
-0.5051672770981273
-0.4960725267270465
-0.4960725267270465
-0.4980312239822613
-0.4941925358370288
-0.4948812729212972
-0.49424834751163976
-0.47788718224627635
-0.49696698659655875
-0.5079317556735315
-0.49772431776557796
-0.4941892381624608
-0.49578387992175166
-0.49631240773767527
-0.49631240773767527
-0.4943988531909043
-0.4943988531909043
-0.49442451531654297
-0.4943929926627408
-0.49611604237105056
-0.4967311950504738
-0.499997844103073
-0.49540003404797983
-0.4999318540058198
-0.4999318540058198
-0.4999318540058198
-0.4944864781327114
-0.4948723130219308
-0.4994071357317738
-0.49787315121769427
-0.49489692962163295
-0.4968222261624137
-0.49507472928799456
-0.4982623118020166
-0.4981119514713877
-0.49863165568528817
-0.4980777114834908
-0.49579243009166724
-0.4956141667146327
-0.49599929153961964
-0.49599929153961964
-0.5023691019916299
-0.4984349813813623
-0.5001056078467898
-0.4982672158815413
-0.4982672158815413
-0.49601215364343487
-0.49648057600093115
-0.49914333068547095
-0.4966262929059303
-0.4985758243378136
-0.5069346899866679
-0.49945985625433714
-0.4974695402051144
-0.49625633873160546
-0.49947435949891794
-0.49928491088579185
-0.49920118713463535
-0.4966720776489695
-0.4966720776489695
-0.5006257175183976
-0.49695910162434204
-0.5003846698881399
-0.49976745764513275
-0.4968123771183631
-0.499535830883574
-0.49950614842826974
-0.4972478833247118
-0.5023512082018989
-0.5001757404279782
-0.5009907610290576
-0.4975884792499042
-0.49839125569279225
-0.4999326250996226
-0.5008604905722485
-0.49766469848818096
-0.49766469848818096
-0.501315782728558
-0.4999013348620376
-0.498362740765408
-0.49795618496738425
-0.49851746372301387
-0.49824911464567384
-0.49824911464567384
-0.5008034243565065
-0.5007684715784149
-0.49830296080906455
-0.5009948972416368
-0.49855313720461913
-0.49855313720461913
-0.4996393192576181
-0.49992112388637
-0.5002429335386678
-0.49909155463444854
-0.5016358724166605
-0.5002923168149735
-0.4994248326561968
-0.5019621023003504
-0.5019621023003504
-0.5017932097397686
-0.5010644044694244
-0.5020945327735581
-0.5004816265011204
-0.5009165127990597
-0.5013245763844377
-0.5008316375130359
-0.5011273509936067
-0.5011210523155074
-0.5011210523155074
-0.5011981382692688
-0.5013803505780567
-0.5027127969794718
-0.5025590029045743
-0.5013595149472106
-0.501262257173722
-0.5015076311408184
-0.5029081592621959
-0.501539334593214
-0.50185225441775
-0.5019107607533887
-0.5019107607533887
-0.5021231989861864
-0.5022027557573646
-0.5041249572923252
-0.5035914177432961
-0.503784079462119
-0.50398846679598
-0.50398846679598
-0.503301423583042
-0.5038336897977448
-0.50371362914789
-0.5040300894888347
-0.5031216971335624
-0.5039413038777737
-0.5044949633973956
-0.5038513887090348
-0.5036861920020362
-0.5045133581812793
-0.5041767368312301
-0.5072753588854777
-0.5096877432464759
-0.5107392226021997
-0.5101151244763268
8.116409340821741
8.00802097789446
7.983808847693327
7.157723865393172
7.152834196095111
7.137541129741842
7.199992205149421
7.225785631040563
7.162722503717106
7.224031990299436
7.159666620400492
7.422184706849411
7.2896450127649555
7.376821890060794
7.416025487844167
7.251599399289598
7.408058846798079
7.351090699847292
7.4992487219055075
7.329068413420725
7.413494622472429
7.413494622472429
7.342020193133737
7.475029753704637
7.336656847343676
7.398439782476302
7.364239376169878
7.334823675450224
7.475911240150433
7.340511569338449
7.384799156737433
7.333213727790473
7.440346846695521
7.333657906584444
7.550980749406897
7.334377965341679
7.334377965341679
7.441838063882611
7.38475700136408
7.501997330610461
8.203992622021953
7.531680850559207
7.531680850559207
7.5279244886787025
7.558711927717699
7.665200012972472
7.87174656959087
7.761476210780474
7.658291619549935
7.658291619549935
7.748792271785745
7.641625766167233
7.641625766167233
7.540311264831666
7.567725720894943
7.627097568257978
7.643310143575167
7.620290399284455
7.619153442885007
7.795977291758689
7.648816562039506
7.6713731563139005
7.856094312707609
7.765446150645891
7.665773332633453
7.728221442296654
7.593698791392928
7.622893830531253
7.698722071828355
7.676338955446712
7.822821912436316
7.68744168066849
7.638350790149992
7.673760013939539
7.7890603249927315
7.796425073610462
7.594313399571396
7.625538183914238
7.756542194257857
7.791691892270749
7.730325885996762
7.771610136806541
7.792651591329299
7.793685106298798
7.803347441690431
7.778010984416722
7.555653633315643
7.748992612671916
7.686063379877765
7.63559637464999
7.84248919456397
7.746068205485604
7.746068205485604
7.799757685630473
7.553112107481967
7.539420973076493
7.7539009259843965
7.7539009259843965
7.662882872341923
7.718663994967015
7.795704090933511
7.793975384427178
7.52453740727391
7.502210903486371
7.747089276727267
7.747089276727267
7.796925452635097
7.780733617188309
7.618892974362743
7.798604529127774
7.785046128905075
7.581545624323483
7.781555955710203
7.753997210038432
7.802352599449158
7.71975139130722
7.600541481716315
7.515082035524581
7.669085492665448
7.77633323924999
7.679991257839343
7.824142387378972
7.542136344317602
7.780309988032986
7.67482956477406
7.714797606036328
7.640997422206204
7.640997422206204
7.783585382002463
7.685212310923255
7.781950984530726
7.753825400619728
7.589070402773866
7.576476404670479
7.576476404670479
7.5237239115121355
7.498186468414956
7.582584100977766
7.743972117122038
7.627728668369683
7.864940300348952
7.487844358287308
7.678693949831927
7.498695129937094
7.699682445691506
7.6247137066848785
7.564580350120632
7.502614122896109
7.494435663018586
7.480580486924009
7.479872114161324
7.625835719143138
7.539306287070503
7.703892038543104
7.703892038543104
7.573232564998414
7.651657248838005
7.498964354773951
7.498964354773951
7.729302153900165
7.4971701099930765
7.639230722563582
7.491216531988253
7.794767884155939
7.648177286220923
7.602433228568356
7.667003396463645
7.681578433748738
7.5928131374490215
7.461024374204561
7.480169698715021
7.57547673957205
7.488969405237793
7.461390172112543
7.477833413608725
7.490630904807154
7.490630904807154
7.61580732271067
7.731246500878499
7.70648799906152
7.454829069533343
7.5776795553541785
7.480282525531516
7.467361461307199
7.482909326620197
7.74000967347136
7.578058082965388
7.5950476399891365
7.51658527086656
7.6231158905210465
7.645886740042515
7.515073910867342
7.693835148657891
7.693835148657891
7.517612662755284
7.507927335937918
7.64953737349876
7.64953737349876
7.708130052865959
7.594479410795127
7.594479410795127
7.727624962240286
7.689410767857761
7.481511911811986
7.719730840238176
7.682536062177543
7.574980911287543
7.758204174606945
7.758204174606945
7.653012745752326
7.518596133479973
7.470186063666386
7.5108068877310945
7.628301955984852
7.523316530766912
7.518874854043505
7.596131476417224
7.64930306608062
7.481792899547065
7.565327698828814
7.565327698828814
7.633540938465861
7.633540938465861
7.571485417884315
7.573864446527158
7.573864446527158
7.47540181474609
7.618750760726108
7.526310296453283
7.498225805901195
7.458793692080066
7.649917940821371
7.6765954360179265
7.604634146077383
7.491938537830506
7.539276209089976
7.662383195795177
7.507454072844505
7.532181453640911
7.467996147817156
7.476459530295762
7.597156048644705
7.492766875456224
7.448092177402164
7.448092177402164
7.556013989194194
7.473057456326606
7.645137892839463
7.594003272174802
7.439665540447591
7.54639867640382
7.54639867640382
7.468557602174056
7.468557602174056
7.468557602174056
7.469637913193069
7.478013526387382
7.485126461067952
7.455620152158973
7.500153167747814
7.4872849656843785
7.534249682848415
7.563819560564219
7.500551730893471
7.515459448058643
7.663700424774835
7.583636568661436
7.481574628905887
7.490016671819584
7.455513966141246
7.5630216211190575
7.584406074792518
7.584406074792518
7.548152648739673
7.489855681675222
7.52716575498955
7.5255424295073245
7.451345217966154
7.437883085515338
7.563136426747646
7.572398143941444
7.46220373080845
7.683819672878701
7.5610564799331295
7.423421111726913
7.5641165480396575
7.483566779672254
7.576155395052039
7.5867688745995885
7.583267488266216
7.913102159401753
7.568128141471933
7.498333165886111
7.498333165886111
7.921612975259483
7.673521915040293
7.673521915040293
7.613935850231558
7.6339993505007016
7.59529452867814
7.445051103352877
7.591475501176536
7.43515909575729
7.935269760210322
7.489420122403545
7.585102874615447
7.598485471833821
7.447419209971394
7.914256406648702
7.431205916212499
7.616748139198923
7.477093807654764
7.774638851199191
7.620099586708904
7.620099586708904
7.430138199347328
7.5854200482259015
7.429226502557779
7.6589426403495935
7.588383284457562
7.681709148911259
7.43499720252857
7.593328732303635
8.043456175518118
7.432134005393605
7.824708403318452
7.836810197642598
7.860286946740512
7.860286946740512
7.846307265360369
7.718795472051355
7.794161540733569
7.4135556464080254
7.886001580984841
7.8409348741317215
7.784956426879281
7.4211129153981625
7.779121694375344
7.814392259155366
7.812724409364339
7.744423798493449
7.871267776298755
7.827413908344291
7.455696674568839
7.82785038639266
7.416203935219365
7.420466766113443
7.798071861630656
7.8703116674320155
7.822998990580432
7.765835589154336
7.904939539691761
7.904939539691761
7.662642745429977
7.79155001106789
7.734616523403372
7.734616523403372
7.956573064169118
7.787094297106764
7.868340978176415
7.868340978176415
7.445524860721112
7.466880046077003
7.8734866602046365
7.796185030915871
7.820606137246534
7.863565232213104
7.865888741031658
7.836193551847354
7.900111054680562
7.630489233198793
7.630489233198793
7.9105554738661885
7.898926564691272
8.028565120388741
7.614005926455041
7.967563635226906
7.656085328917856
7.651209251094369
7.685909537081063
7.675598491617639
7.675304303830991
7.033397360038624
-0.5782393707229209
-0.5915573800731155
-0.5575961863877293
-0.5575961863877293
-0.5597141151691573
-0.5580247875292346
-0.5594491040378037
-0.5593492979599148
-0.561271724312663
-0.5565349172695621
-0.557857110378369
-0.557857110378369
-0.5588545748223749
-0.558620039612548
-0.56115257245196
-0.5672189844116035
-0.5576446134104753
-0.5609830110732993
-0.5657244059594728
-0.5700881902623733
-0.5581829677353259
-0.5581829677353259
-0.56517215143776
-0.5587309347307498
-0.5763396112104537
-0.5659641197937896
-0.5792941762503028
-0.5762121023208456
-0.5698375981463183
-0.567351523928143
-0.5664629688683224
-0.5642529500943015
-0.5594171248010226
-0.5697569335437929
-0.5599833376344964
-0.5599833376344964
-0.5764666092020354
-0.5650660855052245
-0.575522340322583
-0.5648187542182129
-0.5599964677487395
-0.5692844976849539
-0.5762084088944872
-0.5868941656620502
-0.5819525301947759
-0.5640463065619437
-0.571660847504925
-0.5775130105936405
-0.5775130105936405
-0.5914866840745938
-0.5634042257530163
-0.5630254278071903
-0.5786592981368597
-0.5833328972434998
-0.5796803034836386
-0.5796803034836386
-0.5770607129830015
-0.5704037905730658
-0.6096820480965779
-0.5714956656609391
-0.5840721686089372
-0.6097720743795704
-0.5821870520606051
-0.5899353581991914
-0.5849457707486501
-0.5849990343170389
-0.586902784969384
-0.5819754406168868
-0.5898081001466504
-0.5898081001466504
-0.5723244182606717
-0.5906127024260284
-0.5875559054380232
-0.5859212516740302
-0.5753127596042952
-0.5718676115689173
-0.5317290118544904
-0.5736757541160981
-0.5454684602605628
-0.5771576510967465
-0.5616604887154041
-0.5767600668480953
-0.545380391821579
-0.5755270772109069
-0.5445353078941896
-0.5566064505499052
-0.5646975882027504
-0.5579953199163402
-0.546630394975911
-0.5769021089179666
-0.5777075728037376
-0.5765962323150797
-0.5632442982020582
-0.5594789105048735
-0.5714370638634363
-0.5639280610637115
-0.5696973990332748
-0.5696973990332748
-0.595480499863489
-0.574915953414203
-0.5715868043627831
-0.5582277441046207
-0.5497292448346496
-0.5701132862550491
-0.5468139167239594
-0.5469271480000651
-0.5452577352739914
-0.5743735187266628
-0.5743735187266628
-0.5743735187266628
-0.5440510277155132
-0.5695595943468953
-0.5636361347261253
-0.5647400131597996
-0.558518914395958
-0.5748820824252215
-0.5452296782316701
-0.5465711272688824
-0.578273490042568
-0.5628552780129442
-0.5628552780129442
-0.54455506847073
-0.5762656612307432
-0.5466918887166687
-0.5790783984893415
-0.5487568734016531
-0.5701134680316142
-0.5643917646354983
-0.5674634759028219
-0.5452074583890819
-0.5449169572687175
-0.5449169572687175
-0.5583638674844956
-0.5593095111103163
-0.5571623957370376
-0.5523530672914534
-0.5702396246644199
-0.5445821079120828
-0.5572236810470884
-0.557690309366143
-0.5557594797846439
-0.5684129687875347
-0.5713072658704798
-0.5634368573826012
-0.5551835236784727
-0.5562515119303149
-0.5573643585412972
-0.57082212798379
-0.57082212798379
-0.5525222335355624
-0.5525222335355624
-0.5474160538761906
-0.5628595218540747
-0.5628595218540747
-0.5453447826041115
-0.505509451801441
-0.5068738278165175
-0.5710777664481111
-0.5590917036785951
-0.5472569947838865
-0.5516631179132784
-0.5516631179132784
-0.545485680171689
-0.5600351789606145
-0.5579762649189315
-0.5617664238786053
-0.5531731660710577
-0.5480909102260175
-0.5462250573125252
-0.5495066207430497
-0.5493637933058633
-0.557054150651602
-0.5541306069163286
-0.555326144582328
-0.5518476728554921
-0.554385041104518
-0.5573838651438113
-0.5669824726469519
-0.5560483713852296
-0.5468175274306651
-0.5511064170626289
-0.5511064170626289
-0.5474521996813997
-0.5128829387913442
-0.5571703934598705
-0.5493032049644094
-0.5509969910873442
-0.5519555012910148
-0.5529836816801728
-0.5513771467668854
-0.5513771467668854
-0.5193779555178546
-0.5534202276426919
-0.5173385986183945
-0.558800349209764
-0.558800349209764
-0.5502063776469829
-0.5661129081658927
-0.5651738360964237
-0.5497580194029624
-0.5489715587769521
-0.5559157730550359
-0.5471348455542648
-0.5519489564733968
-0.5571609135899607
-0.5511299911196329
-0.543831000146201
-0.5490857165451538
-0.5490857165451538
-0.5463541666803174
-0.5440377615410953
-0.5458618778454045
-0.5491780739235999
-0.5491780739235999
-0.5487139506757249
-0.5492023717264828
-0.5551528439067586
-0.5551528439067586
-0.5527606618277007
-0.545113332029922
-0.545627748052725
-0.5500686473898522
-0.544144845774056
-0.5479506696958669
-0.5528246476547191
-0.5455237595634649
-0.54480646562186
-0.5990677130183519
-0.5605557299935195
-0.5475754070490535
-0.5475754070490535
-0.5551019214051972
-0.5569274062039863
-0.5455425967807431
-0.5501598681601221
-0.5563534798663754
-0.546575858629181
-0.549616727992091
-0.5463218059152875
-0.5499619061396149
-0.5455783343078293
-0.5529811814423565
-0.5468689909205461
-0.5519967746700426
-0.5519967746700426
-0.5446464279445958
-0.5446464279445958
-0.54541805305804
-0.5532948761045056
-0.5520055074529712
-0.5520055074529712
-0.5464952283175768
-0.5468181372260686
-0.5468181372260686
-0.5469721615662759
-0.5560222592364717
-0.5560222592364717
-0.5515542982563606
-0.5528990473152724
-0.5489757329052949
-0.5489757329052949
-0.5465660653064203
-0.5442823844466794
-0.5493268189205656
-0.5493268189205656
-0.5456023445949579
-0.5544072175088622
-0.5468490529793737
-0.5510661501864992
-0.553567914473607
-0.5481192323570374
-0.5441620864206536
-0.544063288779163
-0.5443180588815031
-0.5661163184839278
-0.5462784862089571
-0.5455444981313874
-0.5453636680279684
-0.5469703102625606
-0.5474683438896345
-0.5440879299712025
-0.5451181530327612
-0.5506829659749491
-0.5526560779633132
-0.5502664424214355
-0.5486226202063327
-0.5456729937156434
-0.5449374344149603
-0.5449374344149603
-0.5455700071240338
-0.5483750405699279
-0.5472415860929788
-0.5457072238950814
-0.5500272956731957
-0.544654170627916
-0.5473275720742444
-0.5450758387282417
-0.5445446327428463
-0.5455310842724422
-0.5507805770506321
-0.5507805770506321
-0.547670846055993
-0.5474386318770949
-0.5451261819634686
-0.5444073473800766
-0.5467010409899314
-0.544441492133711
-0.5452721408210002
-0.5496900660587649
-0.5503644210354126
-0.5440631646899107
-0.5447504070056269
-0.5447504070056269
-0.5481389119392536
-0.5437758175496439
-0.5458320603786356
-0.5476590959097336
-0.5476590959097336
-0.5488300159398599
-0.5535314080819053
-0.5495289091288083
-0.5471376465737109
-0.5454793243869823
-0.5454793243869823
-0.5471586812400046
-0.5451952670694354
-0.5477764711995067
-0.5480713940586023
-0.5480713940586023
-0.5460973360691045
-0.5445659594960899
-0.5454312813259525
-0.5447153146002348
-0.5530211950152613
-0.5474585990630864
-0.544753397021044
-0.550170204317822
-0.5439627667528063
-0.5439689296051029
-0.5437190951045395
-0.5470663690260276
-0.5463224282528126
-0.5496760776503835
-0.5509934306204448
-0.5449009151723185
-0.5503506723562982
-0.5461884609532912
-0.5524692640077723
-0.5487473138797557
-0.5443761318691924
-0.5441740325374218
-0.5440302010114105
-0.5451712902864608
-0.5439677570277679
-0.5448459113214835
-0.544361011140525
-0.5449331218936837
-0.5442408592749084
-0.5521268619670499
-0.5446709684338464
-0.5495658163662174
-0.5445671546453047
-0.5419357551298168
-0.5509662430770592
-0.5514084040129392
-0.549024670636909
-0.5493711613858515
-0.5446544907451406
-0.5442459240406679
-0.5529992504055664
-0.5448917829953059
-0.5442441185735593
-0.5515784310788366
-0.5493454936696108
-0.5441542451673334
-0.5441542451673334
-0.5444761480373784
-0.5447433704220168
-0.5447785129845228
-0.5447785129845228
-0.5503328052493727
-0.5464323116201191
-0.5498941526174754
-0.5498941526174754
-0.5443009803808577
-0.5502569420934872
-0.5541527933890021
-0.5449228370072591
-0.5552313702790096
-0.5446128591483286
-0.5580329635128689
-0.5491853032478586
-0.5612376655496147
-0.5612376655496147
-0.5636316457413337
-0.5636316457413337
-0.5445812310123536
-0.5540875262963468
-0.5600384904719208
-0.5446102686665736
-0.5562784831179329
-0.5591948579776255
-0.5535204784999107
-0.5523041362270898
-0.545244438526772
-0.557299989094181
-0.5450788559755408
-0.5541021183120526
-0.5565653444477675
-0.5609421704607902
-0.5512618053867706
-0.5564431359617976
-0.5558495488319336
-0.5533510000288874
-0.5533510000288874
-0.5560055713528704
-0.5448394092331754
-0.5451095533080056
-0.5553885350534525
-0.5602187258159743
-0.5532804514566105
-0.545520075575771
-0.5566499216365326
-0.5678338804517397
-0.5494073069280451
-0.5586430534770959
-0.5456623688324945
-0.5598154304449372
-0.5598154304449372
-0.5514407982558369
-0.5456798856233475
-0.5450089096199145
-0.5462632498298919
-0.5607174478756749
-0.5586268269187975
-0.5521397051079664
-0.5521397051079664
-0.5454190201503588
-0.5601875793166531
-0.554708593400557
-0.5458730941392791
-0.545414572232788
-0.5531107384488353
-0.5597635883765824
-0.55589422562422
-0.55589422562422
-0.55589422562422
-0.5599083489398775
-0.5454869377775748
-0.5584957645792532
-0.5466340118225443
-0.5466340118225443
-0.5462080920400822
-0.5465908935314049
-0.5581637653810694
-0.55767347505267
-0.5582597802832081
-0.559400053261752
-0.5471220796730839
-0.5580814652121858
-0.5571233955523182
-0.5571233955523182
-0.5472044667369297
-0.5468772013017309
-0.5470902958862384
-0.5470245742530243
-0.5453728133185257
-0.5413051912198237
-0.6032383246049933
-0.5972534482304603
-0.5972534482304603
-0.5972813165177545
-0.597469029913959
-0.5973180814029723
-0.5974974887906557
-0.5974766913639065
-0.5977988593082231
-0.602869383394589
-0.602869383394589
-0.5975782379849682
-0.5976712840687308
-0.5978471841365098
-0.5983190557232334
-0.5978090903637261
-0.5978509603992744
-0.5979265485809816
-0.5979623985219562
-0.5982541437948111
-0.5982182275482493
-0.5982407518454009
-0.599337464411668
-0.5992863275659145
-0.5985557623650385
-0.5985557623650385
-0.5984370845234588
-0.5983568470715305
-0.5985243220301374
-0.5985593043555818
-0.5996275507722096
-0.5985996825101344
-0.5988987355599715
-0.5986011988171444
-0.5986011988171444
-0.599527990369775
-0.598660422649102
-0.5992247539988843
-0.5994867313813936
-0.5993931634703309
-0.5990761640888251
-0.5989031011168572
-0.5997465725041354
-0.5989532524906347
-0.5990957583942998
-0.5995351730822935
-0.5989455112531302
-0.5993470691690764
-0.5992928045667438
-0.599705615125311
-0.5996199103082455
-0.5998698985697483
-0.5994871024322178
-0.5997843155971592
-0.599550193393695
-0.6002554149238396
-0.6002337444903096
-0.5999781978847863
-0.5996930758537194
-0.5998248221563284
-0.6001828549967136
-0.5999338350727986
-0.6003379483544364
-0.6006915679508404
-0.600013149765947
-0.6001220918633552
-0.5999851812488723
-0.6009981775158784
-0.6002419731884472
-0.5999398402944666
-0.6005591672858165
-0.6005591672858165
-0.6002473108397649
-0.6003689079326414
-0.600563727928931
-0.6006190878764658
-0.600707971464454
-0.6008082448188758
-0.6006050949483664
-0.6018329625609148
-0.6007499550033063
-0.6012984277708022
-0.6009910541044325
-0.6007725491319101
-0.6011301083907542
-0.601556335567537
-0.5992682154466014
-0.6039310820571189
-0.6011182736189328
-0.6015109014198774
-0.6012096027597256
-0.60125212588225
-0.6011323830727394
-0.5976792684486817
-0.601278149220456
-0.6012011732808527
-0.6011605692755981
-0.6012706098321988
-0.6026396508486817
-0.6060570456038367
-0.6013984833858621
-0.6146683077794372
-0.6013529437788363
-0.6011651771866071
-0.6012762575504931
-0.6012762575504931
-0.6231540301020211
-0.601269008013027
-0.6014947937591901
-0.6014268203880513
-0.6014268203880513
-0.6011377879899324
-0.60730001587693
-0.6017254372676055
-0.6016563773181745
-0.6016563773181745
-0.6027137618190712
-0.601353668352552
-0.601496654552771
-0.6061542672630311
-0.6025420055894182
-0.6074262676975838
-0.6017747466507383
-0.6015661574586021
-0.6015661574586021
-0.5983171157220306
-0.6017748032565524
-0.6016846232980732
-0.6016151061441042
-0.6016151061441042
-0.6018595272678814
-0.6013949542467012
-0.6015762365446398
-0.6050060815986172
-0.6026761332926146
-0.6018063129636559
-0.6022215390752823
-0.6017183972995015
-0.6018091206855902
-0.6043757234424005
-0.6028634775443458
-0.6015957220463312
-0.6064251349653773
-0.602667596764733
-0.6051054907994056
-0.6016193992178227
-0.603071608175147
-0.6016185011916982
-0.6057538705690902
-0.6023504625905156
-0.6022868184730205
-0.6027550719906428
-0.6021244550608363
-0.6028866422191143
-0.602921004597338
-0.6022203644339919
-0.6034510998727934
-0.6018750173834346
-0.6018244727101659
-0.6064548145093741
-0.6064548145093741
-0.6024010472020755
-0.6026064205015843
-0.6026064205015843
-0.6023116581251556
-0.6029938102892272
-0.6027676239592875
-0.6060157226059659
-0.6036254563249516
-0.6036600992734606
-0.6105324364267396
-0.6041399299920193
-0.6041399299920193
-0.6050049835943566
-0.6074248359591301
-0.6031273627173642
-0.6100984329555961
-0.608340778503405
-0.6047784125594768
-0.6034312529939837
-0.60491489510577
-0.60491489510577
-0.60491489510577
-0.6054408552223222
-0.6034740513265084
-0.601987882036361
-0.6029713921768325
-0.6086120509859991
-0.6021499747128526
-0.6030330313399029
-0.6035463583992118
-0.60329073071075
-0.6079893259277063
-0.604366025507904
-0.6022803655675182
-0.60224644198907
-0.6056926828009849
-0.6056926828009849
-0.6042720728795852
-0.6028183510436173
-0.6028183510436173
-0.602050789948124
-0.6029617405653253
-0.6029617405653253
-0.6120518805275359
-0.6037965112190786
-0.6037965112190786
-0.6049045267421381
-0.6054636466864514
-0.6052426107826776
-0.6031990880640362
-0.6031990880640362
-0.6037466439237436
-0.6035132803466929
-0.608829897451796
-0.6050669452322698
-0.6050669452322698
-0.60491474860076
-0.6084147234402503
-0.6075479682446326
-0.6075479682446326
-0.6024365164327911
-0.6032570247752738
-0.6029998416116408
-0.6029998416116408
-0.6030368055648484
-0.6084605208573289
-0.604496633196162
-0.6052174163727938
-0.6053469628541572
-0.6053469628541572
-0.6053469628541572
-0.6036099379095239
-0.6036099379095239
-0.6047675125365121
-0.6045970431766011
-0.606124201062182
-0.606124201062182
-0.6130107206852969
-0.6033029945233462
-0.6033029945233462
-0.6036209216593079
-0.6033896526999316
-0.6069325401812591
-0.6037888197627973
-0.6037888197627973
-0.6073484582733238
-0.6067456766396292
-0.6015662157470794
-0.6015662157470794
-0.6035846707161624
-0.6106261546358247
-0.6099650010135559
-0.6033180970679484
-0.6033180970679484
-0.6031310872861845
-0.6034033922588838
-0.6034197483580988
-0.6042047686541672
-0.6123455784969335
-0.6049595875137267
-0.6049595875137267
-0.6052121031747626
-0.6059236693555544
-0.6069567056973172
-0.6068134209059534
-0.6068134209059534
-0.605537611461084
-0.605537611461084
-0.6070823670307162
-0.6121932271629634
-0.6121844950569525
-0.6069737385668671
-0.6069737385668671
-0.606188252806172
-0.6126896750804589
-0.6105783079043012
-0.6088044506540387
-0.6065986472043847
-0.6107718731713788
-0.604877607486005
-0.6063041697909392
-0.604728342781941
-0.6118179714400375
-0.6076464398124046
-0.6084078196882946
-0.6087317362547559
-0.6087317362547559
-0.6123602453907705
-0.6044985695925599
-0.6060127699609993
-0.6127992117510452
-0.6092131877591522
-0.612721237797443
-0.6082223391249811
-0.6082223391249811
-0.6082223391249811
-0.6068591694897035
-0.6068591694897035
-0.604112210016853
-0.6077701474447832
-0.6077701474447832
-0.6064207801374548
-0.6200582374969467
-0.6060898974286425
-0.60420328825703
-0.6088142103476016
-0.6045531851895145
-0.6063273229410734
-0.6063273229410734
-0.6065350282820517
-0.6065350282820517
-0.6058689124814172
-0.6058689124814172
-0.6045928714810913
-0.612885056872138
-0.6106155217385825
-0.6118919351642917
-0.6085570525766474
-0.6053864112343905
-0.6058419665891386
-0.6100475860343544
-0.6107374295325211
-0.6072809357204857
-0.6062239052459932
-0.6062239052459932
-0.6066859808619314
-0.6088795011407512
-0.6088795011407512
-0.6077464472224614
-0.606419899930199
-0.606419899930199
-0.6067926140303412
-0.6053509851622273
-0.6053509851622273
-0.6071876510884109
-0.6082671672944888
-0.6082671672944888
-0.6059906856943815
-0.6059906856943815
-0.606182946739065
-0.606182946739065
-0.6048092298366535
-0.6085892160141317
-0.6085892160141317
-0.6069028655924408
-0.6119558921507776
-0.6077334623623021
-0.6060365567791539
-0.6064320929201813
-0.6064320929201813
-0.6084760192637784
-0.6056109036207206
-0.6060183575545945
-0.6040544345320364
-0.6066356692917322
-0.6058558156807544
-0.6058558156807544
-0.6043603099764617
-0.6121924249170104
-0.6067898358012541
-0.6099681181367521
-0.6073790646917323
-0.6065432893800915
-0.6124118019139918
-0.6094318661415827
-0.6088849043196382
-0.615227662620392
-0.6051195747273603
-0.6078976097795991
-0.6062963039989645
-0.6062963039989645
-0.6054939458998265
-0.6057665384855131
-0.6055307368935229
-0.6098173717140364
-0.6077299717005271
-0.6120059013260631
-0.6036370172846338
-0.6040326949756322
-0.613454821418872
-0.6037979647503988
-0.6120658607560756
-0.605068689065211
-0.6059612309759734
-0.6106764185199953
-0.6038485517355967
-0.6150398722503265
-0.6089494212640989
-0.6185047245440508
-0.6102286089228696
-0.6080156438571417
-0.6095447778081273
-0.6033952621243228
-0.6132267353139584
-0.6105283379444624
-0.6144655698152057
-0.6148863158494078
-0.6052384594568332
-0.6047026254567556
-0.6065884821018493
-0.6063824305627497
-0.6044599157260142
-0.6046523097023653
-0.6041860409938438
-0.6166009985302913
-0.6089845845846281
-0.6047966924661633
-0.6047966924661633
-0.6044790039693578
-0.6069325788192426
-0.617647598195558
-0.6068986459214472
-0.6060384633189307
-0.6060851396559472
-0.6153031124519818
-0.6153031124519818
-0.6013473066387031
-0.6150479954099073
-0.6167937144896721
-0.6165457816683015
-0.6088332967072811
-0.6050023196602643
-0.6054272039022843
-0.6035027673105087
-0.6023596443731524
-0.603720098382048
-0.6031240373799576
-0.6079208320685464
-0.6173142105664805
-0.6199054410387792
-0.6198841650166242
-0.6169844573707626
-0.6027111106795483
-0.6180103896209871
-0.602668096431631
-0.6044560952636191
-0.6036260241350266
-0.6041062942236048
-0.6033282594795447
-0.6028195264275339
-0.6034022823837027
-0.6030375698403242
-0.609125399915298
-0.6054539680805976
-0.6163218319564565
-0.6171107669965957
-0.6043120144044305
-0.6043120144044305
-0.6042134541210417
-0.6040394734977976
-0.6092012769429935
-0.6018332137533503
-0.6039230364228229
-0.6039230364228229
-0.6165289174346864
-0.6014612763042623
-0.61691693835128
-0.6017067761629541
-0.6029914663767914
-0.6058539465866881
-0.6189316945232509
-0.6025720703343591
-0.6031363833878309
-0.6036462060090699
-0.6037700054482102
-0.601999699541053
-0.616788110978929
-0.6020267417864288
-0.6079158112646025
-0.602809770784175
-0.6052122640260909
-0.6180700067116683
-0.6200179452089117
-0.6170721237511068
-0.6076271498325436
-0.603167906050409
-0.6081852942435327
-0.6087338521010188
-0.6038353745498252
-0.6047475726109952
-0.6047475726109952
-0.6167582948208747
-0.6080158346501519
-0.6016729100579914
-0.6047760709777171
-0.6076023105644206
-0.601091639136558
-0.618638605346042
-0.6093125271582431
-0.6016039787971232
-0.6018710185542759
-0.6075129860161121
-0.6075129860161121
-0.6012120207806848
-0.6018216653075539
-0.6081269410774935
-0.6051005976088646
-0.6077894355868984
-0.6049263000832535
-0.6049263000832535
-0.6018857694875319
-0.6049168918627995
-0.6025380450880785
-0.6200893807253383
-0.6208240378314309
-0.601172940763572
-0.6035725834259493
-0.602566508645588
-0.6033275819233251
-0.6077107233036004
-0.6198458848420817
-0.6085894723029336
-0.6192552068489489
-0.607828162307632
-0.6084447788500212
-0.6079496376981744
-0.6077418815440978
-0.6032131764277888
-0.6015011473790782
-0.6015042988230581
-0.6012424102291358
-0.6023961196063727
-0.6081425787446243
-0.6089669359044152
-0.6083251058325546
-0.6016304882536004
-0.6021365259781202
-0.6016910154883622
-0.6084239543423755
-0.6101170304308554
-0.6083258964556225
-0.6083413765321133
-0.6074946283738544
-0.5211228458324277
-0.5221953646388247
-0.521965416894208
-0.5214029553440915
-0.521695516322785
-0.5220233229794713
-0.5223257854957001
-0.5211467447621114
-0.5211467447621114
-0.5280717162523183
-0.5280717162523183
-0.5206232715867429
-0.5220818455846238
-0.5220818455846238
-0.519828803510945
-0.5212061913157856
-0.522539159342462
-0.5228140450954484
-0.5203915445300727
-0.5199392118189774
-0.5225346061134633
-0.5221767227402544
-0.5215473620927913
-0.5228451570550042
-0.5302574127609844
-0.5302574127609844
-0.5239112683123969
-0.5209926509166545
-0.5199058623721534
-0.5235506063771148
-0.5201918653008795
-0.5206768923245209
-0.5202199042351348
-0.5255526690988744
-0.5206831860239907
-0.5235211307821945
-0.5242069499578337
-0.5242069499578337
-0.5199998840942162
-0.5199998840942162
-0.5276318110848227
-0.52319857729355
-0.5194760418090706
-0.5214944658999544
-0.5252184322517868
-0.5275037853843971
-0.5203942480860732
-0.5282356366793678
-0.5282356366793678
-0.5226496726821284
-0.5235225123198433
-0.5217276922419314
-0.5213626406830978
-0.5279025642526052
-0.5279025642526052
-0.5266654193624115
-0.5291535062771726
-0.5217627687635613
-0.528237679600346
-0.523134493428481
-0.518334676687689
-0.5262947907741222
-0.5301573604107083
-0.5285153019288104
-0.5343753126920668
-0.5279638883474863
-0.5298780169714692
-0.5236025172434234
-0.5352881645871438
-0.5280943228425392
-0.5280943228425392
-0.5292493370584946
-0.5292493370584946
-0.5289622171454332
-0.5289622171454332
-0.5316640228390643
-0.5280255974542302
-0.5312675914586745
-0.5309714794274147
-0.5291328754529218
-0.5304254361522568
-0.5275623037417856
-0.5284509635327812
-0.5317117693487959
-0.5293557889715467
-0.5254316763009824
-0.5266971555475087
-0.5288630880207965
-0.5298227614826563
-0.5276253696266058
-0.5275865644341781
-0.5310344240651074
-0.5252922458186127
-0.5252922458186127
-0.5296345111371189
-0.5288588638644102
-0.5288588638644102
-0.5305080132727951
-0.5305080132727951
-0.530706127271539
-0.5065048315411037
-0.5251483482933521
-0.5301300703392814
-0.5308919850008958
-0.5256185860314437
-0.5301864247671659
-0.5299729325490468
-0.5255953944892648
-0.526888339724314
-0.5265924157864474
-0.5260329882136932
-0.5238426145614142
-0.5238426145614142
-0.5280915282947902
-0.5288283769173171
-0.5299984667982753
-0.527201448200327
-0.510479292216356
-0.5239460069745516
-0.5131433685996399
-0.5368918857164603
-0.5046726818726798
-0.5227615427974663
-0.5050250482924231
-0.5267998569815877
-0.5248359400798133
-0.5275475282734431
-0.5035190423926245
-0.5264229391649679
-0.5189390778139655
-0.5287556701288448
-0.5281393421968983
-0.5255638676733272
-0.5275022075788773
-0.5270055936048296
-0.5270334473329247
-0.5197480274028319
-0.5259768080354441
-0.5242409977298756
-0.4990506525269096
-0.5258453620125481
-0.523348039304947
-0.5222422392929896
-0.5268685852477624
-0.5270786347747018
-0.5046958467671169
-0.5252642194771229
-0.5223339418954362
-0.5256996210932292
-0.49843564530740814
-0.5272820716803162
-0.5219727379940398
-0.5267765939487113
-0.5267765939487113
-0.5274894056891862
-0.5233180775451768
-0.5139866102824938
-0.4965470577515958
-0.5267962272392874
-0.5225481793890258
-0.5225481793890258
-0.49978543577632406
-0.49978543577632406
-0.520949666687981
-0.5194218063380344
-0.5194218063380344
-0.5160686165834381
-0.5220976623676797
-0.5122063292245301
-0.5182395909738841
-0.5232269549729713
-0.5123166900636482
-0.5244730938457847
-0.5204873925185856
-0.5162234075712439
-0.5162234075712439
-0.5190868479305598
-0.5213530822153732
-0.5143204662325404
-0.5177688644476005
-0.5200136967808334
-0.5186367541487057
-0.505395117304808
-0.5059763536794684
-0.5148182440948879
-0.5178258216939843
-0.49421258163713094
-0.49988698994363073
-0.5001471794096116
-0.5225676915126404
-0.5248803122146072
-0.5164033896154249
-0.5228319472886432
-0.5018718807870587
-0.5049448877500032
-0.5178134712481244
-0.5239458137509897
-0.49966263171077463
-0.5190966412137334
-0.5162357827313205
-0.5111850557661386
-0.5158413087022705
-0.5150745698526725
-0.5104995256420861
-0.5147012028503111
-0.5109873091585249
-0.5192457032956025
-0.5221872212866033
-0.517764646370581
-0.517764646370581
-0.5090837952555926
-0.5090837952555926
-0.5056565216681813
-0.504669011542724
-0.5215909971826981
-0.506342681894998
-0.5078387893648402
-0.5048555563158473
-0.5079878696862333
-0.5152149154018579
-0.5060489864046694
-0.5060489864046694
-0.5060489864046694
-0.5130784146531759
-0.5130784146531759
-0.5121017658843068
-0.5204954346856728
-0.5200759030876403
-0.5155917435843339
-0.5249870294282081
-0.5142837792292426
-0.4888238478666649
-0.5193312619917061
-0.513398617458185
-0.5061264823890816
-0.5276856918878503
-0.5150696797711845
-0.5310778794099315
-0.5110927225445564
-0.5110927225445564
-0.4889125010036214
-0.513404289038914
-0.5065556274912891
-0.48916397532700345
-0.512005348210942
-0.5046489569268894
-0.48815650706100044
-0.5056826405163528
-0.5017184369228241
-0.5123590962087153
-0.5123590962087153
-0.5179664760400807
-0.5061330066580055
-0.5061330066580055
-0.4886564820359747
-0.5140568696426002
-0.5052219458847922
-0.511501585537579
-0.5105791202864243
-0.5105791202864243
-0.4963727640810331
-0.5163130355603716
-0.5060038617661314
-0.5160864100491186
-0.5142335125474096
-0.5142335125474096
-0.5077157583309327
-0.5122153531813948
-0.5117609614527788
-0.5059591633509531
-0.5125370941842775
-0.5102055388806047
-0.5130911169495382
-0.495456085179761
-0.5135553765626515
-0.5141702089993669
-0.5141702089993669
-0.5096040596044595
-0.49964259916751386
-0.5081550236103186
-0.5068239703332786
-0.5068239703332786
-0.49912857365477287
-0.4931103963800901
-0.4992120908119042
-0.5013751747219682
-0.49497569215040377
-0.5116657151260511
-0.49520291730340127
-0.498833575945614
-0.498833575945614
-0.49679458958577427
-0.5066928152978625
-0.5005644579228747
-0.5080899263999461
-0.5024906339571225
-0.5096955433070266
-0.5047611081541342
-0.4920349021954101
-0.4874659029976675
-0.5106446376633086
-0.5087330072347305
-0.5017650116249478
-0.5027978143677728
-0.5182750404830423
-0.5002340944596382
-0.49744829305182703
-0.49744829305182703
-0.5100866984222043
-0.5038516500980185
-0.5031222195695477
-0.49579225029069357
-0.5185782484990735
-0.5101313361242351
-0.5025072987949777
-0.5025072987949777
-0.5049047268265172
-0.5049047268265172
-0.5017401254057856
-0.4851770859551153
-0.5027820691168314
-0.49753241666455417
-0.4969061937823506
-0.5044004493321507
-0.5087665678975021
-0.5076263718494949
-0.49146814957814244
-0.5033987448860587
-0.4932915184897066
-0.507079794406885
-0.504756528739721
-0.504756528739721
-0.49600041959199465
-0.49546239272638676
-0.48537866309399536
-0.48537866309399536
-0.5048908088489861
-0.4869007600875115
-0.5081678798859653
-0.4999057136320606
-0.5037763391073166
-0.5054604556904092
-0.5054873643205325
-0.5054873643205325
-0.5067465252068042
-0.5005589493087217
-0.5023655020237076
-0.5089676188180968
-0.5031921903863137
-0.5031921903863137
-0.5000956156144184
-0.5020581217438627
-0.49921056404159264
-0.5072246202126128
-0.5158886704659513
-0.5046882430060838
-0.5046882430060838
-0.4876506977382205
-0.5011334020138444
-0.5039196509970796
-0.4871344244092322
-0.5101832201136325
-0.5050840242053753
-0.5050840242053753
-0.5064812059483221
-0.5020886098821808
-0.48518359424189345
-0.49951121580333235
-0.5043297652365233
-0.4973669200358634
-0.4862477911184148
-0.5052984272891136
-0.5070235236947905
-0.5030145669807877
-0.501119382393241
-0.49582866789288743
-0.5023122195624997
-0.5069763922464416
-0.503720369838192
-0.5081251048007432
-0.5010040703002607
-0.4935810861171601
-0.511709311079617
-0.5127830330917528
-0.5108197365483607
-0.5072112828562639
-0.4995704394222794
-0.5123389676142572
-0.5001365127724855
-0.48860414026791105
-0.5048082167368891
-0.5040593925365618
-0.5032127205242117
-0.5062389821779112
-0.5144383689019918
-0.5144383689019918
-0.5055717062591796
-0.4854172727125567
-0.48828362098142575
-0.5044704853332077
-0.4970882286024537
-0.5110834605524371
-0.4960933664938652
-0.5029515630301311
-0.5023650343562407
-0.49247082914602053
-0.5099318547792808
-0.5055910859358851
-0.5129918357394252
-0.49349562520450213
-0.48169379060045736
-0.5206514744257349
-0.5107807269719902
-0.4893371187299336
-0.5026698162429305
-0.5039839345902912
-0.48419881505553974
-0.5101097546162651
-0.5101097546162651
-0.4858738401674854
-0.5122500337981892
-0.5011414096558772
-0.5119061160617348
-0.5119061160617348
-0.51086462183075
-0.509927467592722
-0.509927467592722
-0.5239857212736446
-0.5216164626672777
-0.5093785743755261
-0.4834414089670907
-0.5135205228859051
-0.49452262264724495
-0.4828091341386035
-0.4828091341386035
-0.5094748752084082
-0.49216186429424746
-0.49216186429424746
-0.4811893972911126
-0.5152565963980625
-0.5119656046272042
-0.48382735303517405
-0.48527246704422633
-0.514574382291377
-0.514574382291377
-0.5125451746665582
-0.48323094921761867
-0.5048126086232487
-0.48065958087359395
-0.5180839777773389
-0.5126899113337451
-0.5147377318419496
-0.5116421006170127
-0.5043027985249077
-0.47930543729818387
-0.5132204989282559
-0.5054988331161808
-0.5176032225281288
-0.5176032225281288
-0.5160408496492083
-0.49741376535588777
-0.5154478105280178
-0.5197017748501155
-0.5126477876660589
-0.5126477876660589
-0.5181391102375493
-0.5122810099194534
-0.5085554595945692
-0.4794299342055171
-0.5134008093309396
-0.5157571855146711
-0.5157571855146711
-0.4852098437410652
-0.5056362420145287
-0.5247206907137139
-0.4827390376018611
-0.4827390376018611
-0.5138472673281747
-0.5138472673281747
-0.49722618279992853
-0.5165181504319193
-0.49865768339319283
-0.5250702785710487
-0.5199618168636476
-0.5010156727429858
-0.5009537654605152
-0.47753438391303693
-0.5150131973774447
-0.5124901285097518
-0.518074666752182
-0.513216621905531
-0.5242285439061805
-0.4989010165692649
-0.5087682115666883
-0.5000439627652967
-0.5081318193203944
-0.5081318193203944
-0.5190110240169994
-0.4784903150401534
-0.4785055234239682
-0.4862984754455414
-0.48889319949447324
-0.48291364653370705
-0.4774888055134503
-0.4855317325973824
-0.5255156640137972
-0.5195242981404372
-0.4795772700826364
-0.47911169962340866
-0.4890986683287421
-0.5136272125194097
-0.5105319409653614
-0.5178213878003187
-0.526478813815266
-0.47863289465517117
-0.5154878423615717
-0.4869981887151104
-0.5021324789928677
-0.5200216073915344
-0.4788452833949166
-0.5120037106151153
-0.5113323954464694
-0.525493585696194
-0.5123815932168534
-0.5237480120468254
-0.5019283349009909
-0.4759639689363275
-0.48031447498714946
-0.5136954637859824
-0.4741942244741332
-0.5169583153930496
-0.4991586583788524
-0.4872821345000913
-0.4872821345000913
-0.525589498671758
-0.5245132239271916
-0.5029341415767881
-0.5206252564615261
-0.47622317547517434
-0.5150787221459359
-0.47339055304092204
-0.4792875904455137
-0.4814725548550212
-0.478268108130902
-0.478268108130902
-0.5208502349510336
-0.5127656958619087
-0.5152487618482943
-0.5009373807065964
-0.5004750916844394
-0.5012460656907903
-0.47743210780507156
-0.47619246105862506
-0.48238766653146653
-0.5245216369021917
-0.5022693000452448
-0.5022693000452448
-0.47460889041658705
-0.524849196189369
-0.48165635649848865
-0.5264317669146612
-0.479043274904182
-0.4740906476468318
-0.5234361530663678
-0.5223480335817897
-0.47410461560188194
-0.525382507225045
-0.5015639019568454
-0.5244384954224074
-0.5222016134681206
-0.47452706854985244
-0.5250542183774809
-0.4755695485704
-0.5247676486044306
-0.5254053556488212
-0.5037916335678209
-0.524031088518365
-0.47649666471100177
-0.5007831444238582
-0.5010330498007329
-0.5046254923110918
-0.5007436294927109
-0.5026702364936738
-0.5027942160278972
-0.5027942160278972
