-0.01789327031226794
-0.02555833418407053
0.032485121777778715
0.032738457115017834
-0.02103236684762535
-0.02375916584295635
0.03343880406334726
-0.024555154378467645
-0.01920746176470155
-0.0241489282207733
-0.0508439755967015
-0.015037856084819072
-0.021548742597544062
-0.021548742597544062
-0.007415415415874907
-0.00960199884835361
-0.016264781120911193
-0.022530350693678626
-0.022530350693678626
0.02090464487573733
-0.00038131044662663037
-0.02424789196329458
-0.02424789196329458
0.0011033575826236226
-0.019027672299985195
-0.02213736009450573
-0.02213736009450573
0.024160426307763376
-0.006703024578210826
-0.008420248371138474
0.019799608419419
-0.0254460917716007
-0.022539660416883184
-0.022539660416883184
0.0037973339563422033
0.027101154290003066
0.02514573064193493
0.023617923551691556
0.028909454111900962
-0.007119377862527215
-0.007119377862527215
-0.022557665497967064
0.02111716623672023
-0.019906445578998493
-0.019906445578998493
-0.023696852864804985
-0.023696852864804985
-0.04987695643479161
0.03617293137255652
0.023501391126699668
0.00109542334348845
0.00109542334348845
0.027547937165112384
0.027547937165112384
-0.024008897008715332
-0.005453741526198574
0.023907613069764085
0.03361180120974903
0.026246600997531507
-0.00909301990789587
-0.04954345439051989
0.015804514432626524
0.02405229520889412
-0.03143591772637969
0.018777457766417746
-0.0320560702814552
0.01983421043931254
0.00793673840529806
0.029806768065335137
0.05012370876888285
0.002781318769708643
0.01587345584016476
0.01587345584016476
0.01587345584016476
0.004862632960202635
-0.008410741924541408
-0.00204821901424689
0.0008892364181776476
0.00857898345015259
-0.007362117413789764
0.018819317741207823
0.020584712995302686
-0.002776801085269432
0.025027221310622575
0.004049686946122394
-0.005161492375480314
0.010322661427618495
0.010322661427618495
-0.0035899827756851552
0.009265705172414988
0.009265705172414988
0.01564666586454085
0.018828016140493502
-0.0003591734493298067
0.035161681650646155
0.055941645893980756
0.025308447132382922
0.00252466927224367
-0.0030141781808603893
0.018209956072165207
-0.004880458141183921
0.060370664365787044
0.021888561370263494
0.060321784460997604
-0.007574547730099378
0.002264921302491581
0.060952593557317754
0.05724452615654657
0.05724452615654657
-0.010484505836975648
0.057786493063855845
0.010673885379952962
0.023808866776989422
0.023808866776989422
0.018007516681401766
-0.00735102301582915
0.061247118132471544
0.0429769434156261
-0.006402187078650708
-0.006402187078650708
0.004850208016836556
0.02907755959437313
0.01577320120907536
0.010933037491342328
0.0135823843912489
-0.007816957488129455
-0.007816957488129455
-0.048303380010774694
0.025755066479860842
0.027584276974067054
-0.007073281943833209
0.035149975900497704
0.018055017882342803
-0.005606035992622498
0.03161078583340537
-0.009901792556033497
0.029758644353710183
0.03734747209426444
0.0024206532229849986
-0.0030831717125267303
0.0154745809549683
0.02447425124269776
-0.006207372598669597
-0.007839375899364067
-0.021540296762205563
-0.021540296762205563
0.04231860920974936
-0.009933749107301501
-0.009933749107301501
0.01544447915150962
0.059121873767032034
-0.016112793440224368
-0.006889425277908988
0.045240355250065374
0.010138058694309629
0.013602926037045323
0.007189645056240935
0.007189645056240935
0.06098512961931911
0.02943476532140394
0.04358717911019156
0.05846191400044045
-0.005674934726516834
0.041615318683308915
0.055327322150776605
0.027793068868683404
0.040006364363461604
-0.014514214983345902
-0.014514214983345902
0.039651994065010465
0.04089056646673631
-0.01949529641008636
0.021843844167909993
0.008445377647978619
-0.009426874184966105
0.05067576232526908
0.04891878730787509
0.04891878730787509
0.047403992116851756
0.04309634750684555
0.015197939653369668
-0.020774654419741946
0.003373058411783636
-0.017896013217232828
0.039064318217935184
-0.018976563151684358
0.007504189624642804
0.004170993496970292
0.0070897228357964664
0.03342089303058654
0.02286669487494413
0.001058209736373801
0.019502501445720733
0.005593338186050554
-0.018310149233360114
-0.018310149233360114
0.025172648977444197
0.02275190267494566
-0.013315225165719492
0.009594241405233227
-0.0018975186921756115
-0.0029189196924691288
-0.008891768287303778
0.015775654664922534
0.006940562052067772
0.0010935794222208194
0.004370829404821552
0.004370829404821552
0.01013387744200008
-0.021437950981906248
0.003293765742143312
0.02755210990872541
0.008881923225800092
-0.046421560777267404
0.035840880786699364
0.0018114643783211652
-0.005918260412913866
-0.0004854952071885678
0.004780087586196211
0.027017375951832366
-0.0085843289146678
-0.04489549159064625
0.009521532432445147
-0.010828778019699344
-0.05174452698855128
0.025771432021185186
-0.05121672960722437
0.02131412877830755
-0.050869432389828426
0.013214826365292
-0.03796558529119489
-0.009171852328557112
-0.03444236063471642
-0.034045305185288276
-0.00753041327757758
0.027020126333869333
0.011168512719654912
-0.056795563842007346
-0.05403240764951816
0.003207765426409846
-0.033801796322967564
-0.04795910352028026
0.003913819847716166
0.0431224376896089
0.007833588093832182
-0.05360286756089622
-0.030810513553969816
-0.04185134530434197
-0.012842503359012635
-0.055543452800200135
0.02118217459466292
0.006024901758948701
0.02603889296895761
0.028166825311581076
0.006927235790233934
0.007787570164587143
-0.0007712966835145946
-0.05746143996446426
7.646345178188773e-05
0.029392841918283164
0.027178406031830263
-0.02813117003035059
0.025842586872266878
0.025842586872266878
0.002709259228652233
-0.005254061691000452
0.0026173593764762006
0.0049177161674185624
-0.04341627939268772
0.0035753822428415496
-0.008817708931019547
0.0023978374082913815
-0.04382706170031845
0.024714619824329518
0.02338626059736137
-0.0313633038279119
-0.007875962163674751
0.0254165766019955
-0.038737071604780696
-0.038737071604780696
-0.008897179629663821
-0.02162589119452572
-0.013152902929127611
-0.03991257148844423
-0.0298970692142532
0.0014939877426609874
-0.006459804982326698
0.022509406420919878
-0.01731916956979281
-0.014367863593906112
-0.024660739587006986
0.02607022963113196
0.017043410995547507
-0.022957328405174626
-0.018448872196576177
-0.04301445068615269
0.022555105627479456
0.004135910913182982
0.023861105941526708
-0.026390862220407877
-0.026390862220407877
-0.02526390629322529
-0.01949418328211356
0.002452956294124645
-0.032670398661409264
-0.032670398661409264
0.017744619130189647
-0.03156337006063683
-0.03473224054879554
-0.0151027348044574
-0.029971525786658383
-0.01703096634011382
-0.018278584772495023
-0.015172492423985055
-0.032339385169105436
-0.03686849183640685
0.012145314752748444
0.01277667427024356
-0.04229688466102641
0.08649641097118099
0.048445230539784875
0.08893155585883389
0.027346532830349587
-0.03216377931611256
-0.03346835774286727
-0.027879850712625286
-0.03896690215060642
-0.03509849815839522
-0.030591722820124033
0.019524624886976732
0.004314448422968425
0.001484962445079688
-0.030809150435075573
0.008937709569211921
-0.03445405287290886
-0.03445405287290886
-0.03308798439851259
-0.0307953959318256
-0.016717875471851808
-0.03043377741710699
-0.04836674789620934
0.0023121001786224472
0.019320617092107306
-0.008727694831171104
0.00509904897645807
0.012006936813164497
0.012006936813164497
-0.017928819136921147
-0.002269067247024166
0.010982600934037535
-0.03928574810536933
0.01223858044776032
0.000651095968198304
-0.013534597308910672
0.005348793567274861
-0.0028387174691683788
-0.0221396034192187
-0.02852419627523359
0.011277749780783655
-0.01394223197742128
-0.0013356364465375386
0.006575691937161739
-0.05130720654512096
0.014071876480494227
0.01980982307328026
0.003981569920848952
-0.03821969605021073
-0.007087561843449799
-0.04550495146369807
-0.026367305555146214
-0.04647726262026738
0.03142103897387996
-0.03305478212895858
0.02002010909379422
0.02002010909379422
-0.032057083484439475
-0.002262975820155945
0.004396009231751134
0.007360796214474096
-0.015397232871503984
-0.034157290113969396
-0.01155828150923022
-0.01155828150923022
-0.048822317975592375
-0.040238045001105366
-0.0289479704128624
-0.04966096366558461
-0.05005869441695536
0.030761197424698704
-0.03614835444573672
-0.041278756420409915
-0.0028724377416947094
-0.05617093348228798
0.0664231219267092
0.03481666238500274
0.06820986081268864
0.06820986081268864
0.004389137940131162
-0.013728588389516972
0.06108494857290596
0.07088029347060147
0.06729714297348899
-0.03236670322816178
0.03529117144260504
0.0750808886512103
0.0599539487622054
-0.05767811063470093
0.036626051415060014
-0.051905342319176574
0.03796314079755184
0.07445338196143934
0.009143122410615554
-0.04229214840425565
0.0034988474356995305
0.02408591925263055
0.02152029627201151
0.061891196560830745
0.016275110620656553
-0.0008256953761869985
-0.00894179339336847
-0.07509861389627635
0.011923109661892724
0.014917440333315041
-0.06530250689505057
-0.06530250689505057
-0.006420761512639012
-0.006420761512639012
0.005108066972293636
-0.05986536268839683
0.0666021897972455
0.03790222397231318
-0.031059539531127375
0.07852554988928238
-0.06481670734981011
-0.053801950354003425
0.01216361703550956
0.015575895032716789
0.01723736071113036
0.00947755475421659
0.04037762531176909
-0.027265501734728463
-0.03924432177236949
0.030160044804013915
-0.01443066970295979
0.036659457768944255
0.01805330191309176
-0.08192618204008639
0.02618867753798226
-0.017745926043844895
0.051949951213202505
0.02534942485942457
-0.02355479596709943
-0.021075527331128004
0.005109286570279258
-0.012500348045534635
-0.0037301110580946284
-0.057239565789942014
0.03453500957915981
0.03453500957915981
0.02499778785733823
0.02499778785733823
-0.0682845750760492
0.006569410249311059
0.06334568760443617
0.004858564396534047
0.04610469767929548
-0.028894939794095763
0.024101840018474863
0.03998228823611414
0.026902034223093573
-0.014586920201973157
0.0057598580360699965
-0.0753349328536001
0.026407449339843545
0.023957283216577713
-0.026576055871140907
0.05366916469448866
0.02869613632236942
0.003332105452674013
0.0639865564575113
-0.022557229034324857
-0.025875473924026456
0.01683306984460537
0.0028308783065451077
-0.0314104955433811
0.019472468372370242
-0.02190337922917326
-0.01080395481586837
-0.019777179450405295
-0.04049418704180827
0.02231572633074179
0.017968491924716674
-0.03024580725641909
0.020699960821335104
-0.027165886920676785
0.009661858256326445
-0.035852202349828124
0.01713848833379564
-0.014184051265552748
-0.019361231978923928
-0.0076334216311018345
-0.0076334216311018345
-0.012263390262999014
0.03824890519517693
-0.026741204224102127
-0.03959075580990272
-0.03034916608275909
0.021897955031657607
-0.03757857036977888
-0.023507287534996712
0.01988918025177768
0.01118852376596115
0.01118852376596115
-0.0538044771307674
0.05004555997968217
0.05145048670508382
0.02464681405495947
-0.03325865525818135
-0.028395812312506853
0.0002939138619245485
0.017390378284754687
0.022844047908916237
0.027552744342440486
0.0038539100318764935
0.0066466716084066235
0.012976932468563542
-0.019861405067812914
-0.023448718538119348
0.03396729333729884
0.03396729333729884
-0.023610035844613436
0.024952344574776013
0.024952344574776013
-0.021282295825474154
-0.02477065143572149
0.012902378130187601
0.020810845412214892
-0.02343553838132504
0.0112918344678328
-0.025303997952220998
0.04802492108486426
0.024713886793037744
-0.023636321186333555
0.04140413459687409
0.03603466896779548
0.03603466896779548
-0.02139503245205133
-0.019222547469328097
0.04260360326294167
0.051714247855988334
0.05322419593496785
0.05322419593496785
0.05763830784385471
-0.01776948188532271
0.06014965384035861
0.06014965384035861
-0.009832206731609882
-0.019452531795770937
0.05909142477388352
0.03480430715581143
-0.020939575240154024
0.06592281492947318
0.06592281492947318
0.06138102795120621
-0.019713032976596462
0.04203404485108313
0.04460633596181239
0.034800455126596304
0.0505435944555371
0.03623053123735867
0.06943582085492911
0.0609121336940906
0.0609121336940906
0.06294112249627089
0.04329519409525678
-0.011287993206034365
0.04799671350005602
0.06247775954641887
0.06400470388264984
-0.006335008804495872
-0.0008740550812736632
0.06501166244391546
0.05777259485362109
-0.007154986182559495
0.06321456429390886
-0.0009759830030161704
0.06345953563563055
0.058842941558728566
-0.04925623616287705
-0.04985438657573398
-0.05000018811437978
-0.051809340910064845
-0.051809340910064845
-0.051405158883707135
-0.051405158883707135
0.0255661680809945
0.032199680732619626
0.028239000003674696
-0.021868558190131792
-0.00042590681572170897
-0.020881423354320045
0.022504702024550134
-0.035126560701752775
-0.035126560701752775
0.026603971649923792
-0.0302898159376147
0.0037573879900521033
0.0005422371073592571
-0.034932649820833724
-0.039527830031377095
-0.034488232231173886
-0.006799664872087837
-0.03386189987384451
0.02097733466415691
-0.0007154170292541513
0.011451748619487164
-0.02930866496681245
0.024818453660888848
-0.03336170806019781
-0.04442098500024947
-0.03074361895326977
-0.04389037507764846
0.026266666466754327
-0.033709470699171684
0.0022575492460869904
0.004104907229826395
-0.041575447962527004
-0.041575447962527004
-0.03874436434212293
0.026029940016689613
0.03716081786362087
-0.04031927852272372
-0.037918294923128544
0.014787343315147255
0.031350598031801596
-0.025073333599520676
0.046710909859696254
-0.040435594597586944
-0.040435594597586944
-0.03747905827982169
0.035669267826669064
-0.054662651652932506
-0.04341672593741799
-0.04624022704411936
-0.04442096711574471
-0.04525660357761432
-0.055305369428148704
0.03515196089231621
-0.022272363305156518
0.036525408159053176
-0.04244793342714627
-0.04244793342714627
0.03368876349317051
-0.055831181136873964
-0.055831181136873964
0.014503262309868504
-0.024847813308151195
-0.007806746771602903
-0.0155771717838286
-0.026142255042978395
0.019190736819379172
-0.007835036532931485
-0.05508230325448934
0.03283224410360558
-0.03152142278156745
-0.042680902873424686
0.038703840047737886
0.02838604375331469
-0.025395604965729384
-0.026570420278403062
-0.026570420278403062
-0.017511396336938122
-0.0065717260867318985
-0.00011290933361670662
-0.001263571184096724
-0.013247153190408327
-0.013247153190408327
0.01826110134795479
-0.02895374599327619
-0.016981238429611446
-0.016981238429611446
-0.0022840049452946083
0.041300767500948576
0.04323866426388867
0.011746390313423173
0.04771368143968336
-0.00046175342412854345
-0.03242948478999805
-0.03505123463395721
0.04972819953661284
-0.03866611310788885
-0.023312810214114098
0.04225759924840949
-0.007444320017025383
-0.003943314997667315
-0.029470643907055647
-0.029470643907055647
0.03476392532300608
-0.007021994266763666
0.024466609160633406
0.003657575495059793
0.0052445466704864885
0.016949478654041124
-0.021929416717281502
-0.021929416717281502
0.001624775336120458
0.03262580049590529
-0.014715208833403591
-0.014715208833403591
-0.02522576804779753
0.010158850584782877
0.02956583766962318
0.01579098016484563
0.04284666634648191
0.02139021066272486
0.02297030723319149
0.02297030723319149
-0.02716188230311416
-0.008541547114716736
0.02579884370597195
0.024475416921296924
0.024475416921296924
0.019687788158279828
0.019687788158279828
0.034095575287326575
0.03321904732631741
-0.020134279858356894
0.004485002399013123
0.0421848136312041
-0.0012700271510565078
-0.005311037896821874
0.02081967288393567
0.05012865448817996
-0.009790530616185636
0.06377067616676321
0.031479130202634556
-0.013312936446484932
0.0025012974702051318
0.05170966817832268
-0.0038707646085988498
0.0038674006935254922
0.0038674006935254922
-0.023105985028812923
-0.015138703134997317
-0.015138703134997317
0.036171416202111575
0.036171416202111575
-0.0077272430617633375
-0.009385586955140104
-0.009385586955140104
-0.013130180454627731
-0.027131132825794286
0.018552735870178035
0.02501352519089811
0.017174944304141824
0.002500801179460517
-0.0017134090065436486
-0.0017134090065436486
0.038074775012746795
0.038074775012746795
0.03643807386807528
-0.019950089709521623
0.004588257343149931
-0.015470809459786634
0.017852640593567018
0.05049638637085711
-0.011236894478568368
0.005717751896931587
0.038716261434134654
-0.0030945634420949416
0.06367056839821544
-0.005930830700271607
0.02412211891919794
0.02033836964207677
-0.02015250513574769
0.015954342627418103
0.06121646536167212
-0.010260263493316971
-0.010260263493316971
0.025137487313394054
0.031495174382918746
0.056957286083417456
0.013967331333095474
0.013967331333095474
0.028528371814242264
-0.014388370766922164
0.002708349396048193
-0.015133788603214725
0.02978162171955295
0.019416218582784663
0.0629865467446535
0.0226504803943616
-0.0065652699435200315
0.008162204917274374
0.012815742333790129
0.012815742333790129
-0.003752575669694585
-0.003752575669694585
-0.005444372235479498
-0.007189774516943693
0.011017355436834287
0.014690489797389935
0.03438791549804043
0.00176982721471301
0.03365419481000781
0.03365419481000781
0.03365419481000781
-0.0060992599245379584
-0.003178831955927446
0.031191765019822935
0.020804188647334885
-0.009004087422319734
0.011890860034641636
-0.007569220904825496
0.022730111615723417
0.020969311650926307
0.02560032075068364
0.01872194888224155
-0.0017264972605522107
-0.004761750240551626
0.0015538334698762936
0.0015538334698762936
0.03523159282694619
0.02036972202437291
0.03121932946354405
0.01574462515420413
0.01574462515420413
-0.007483535748699147
0.0007170407213340239
0.025309002325555077
-0.009686865102104992
0.014213367491330463
0.05305319812740083
0.02763649926574434
-0.011785439029702532
-0.003164518119560106
-0.019889496142183053
-0.016119224132195836
0.02015240308299552
-0.006903805008316512
-0.006903805008316512
0.0306957959779471
-0.009851496655866742
0.02955855217674786
-0.017529650440589538
-0.00035500183681755993
-0.0206835074988416
-0.022608347080470402
0.0017566201565732188
0.033799409251295674
0.02654646874325584
0.029575696242459093
-0.000721546456991088
0.003292467954666636
0.019169756424904923
0.02766320129240972
-0.008074348065745522
-0.008074348065745522
0.025032555604441186
-0.01288422576366219
-0.0003422796999243647
-0.005310386703082788
-0.001764298964292752
-0.0031935193856893972
-0.0031935193856893972
0.023396811861748343
0.021818514767798634
-0.006207621857109579
0.024208369049776975
-0.007694836045872967
-0.007694836045872967
0.0008662075870185947
0.0023117999962483458
-0.032909820179822795
-0.005935212089201674
0.023367553801269796
-0.02305794613676352
-0.010429127802042474
0.023640755986319234
0.023640755986319234
0.02110486026681469
-0.0188520427269837
0.022209920092415906
-0.013383053094534211
-0.019508989190049873
-0.018651319346858233
-0.02522974785994315
-0.026308192586037803
-0.029104658278292353
-0.029104658278292353
-0.034364601984689366
-0.029907978156076657
-0.03669078161818203
0.021002110704627507
-0.031432487253419954
-0.02582985972355871
-0.01449916216330199
0.02199491041227734
-0.020887318089548766
-0.024356768222326585
-0.03213005558347453
-0.03213005558347453
-0.01945089216502155
-0.030918588696735198
0.015091750750615536
0.0173465943799204
-0.016600903186866137
0.018800805553378677
0.018800805553378677
-0.02789641748978253
-0.019874523148931723
-0.021728887417768652
-0.020972516682807002
-0.03347718419771143
-0.022763285475893888
0.015751729700168277
-0.03119348236251146
-0.032089586094013745
-0.022606938372000677
-0.03282239882120783
-0.03303141122428292
0.010400915299970347
0.009239948767964065
0.008600859545116748
0.5526778154573417
0.5726604159944948
0.5795491662751996
0.12754990320672957
0.12568988042730278
0.12634039775433153
0.16672200497334178
0.17519117760151057
0.15557185497288406
0.10046364245614071
0.147419755940917
0.2657828064297419
0.21219369321637635
0.2550904097169886
0.29649017062330163
0.17987197093926255
0.31335391703549764
0.2516748545249558
0.3867725334386724
0.24221050808830805
0.31635999124439373
0.31635999124439373
0.2610156121395102
0.37778596236034373
0.24940134468484143
0.3069886084045384
0.27210735225478183
0.25810787753262254
0.38154085671926635
0.24019807581881755
0.3035697892514688
0.22041923814069497
0.36994296239320407
0.1569025495893139
0.17384294085424792
0.23437527313913703
0.23437527313913703
0.3749318828745684
0.29493032615600784
0.43357674541093033
0.5339273208349252
0.4442416321459788
0.4442416321459788
0.4576440157830775
0.4702918790162556
0.6178234621500408
-0.17071620000209956
-0.5822463779456527
0.6249678357693796
0.6249678357693796
-0.6351266263570314
0.6218960029806159
0.6218960029806159
0.41422229390246
0.42527852532299903
0.5043090490565466
0.5160314242517943
0.4902799396672159
0.4656360439500196
0.35424810598206397
-0.5137849362757643
0.4064725607294994
0.2960026137853938
0.318612214219138
0.5104789155501183
0.45154775405371933
-0.5618968869570949
-0.3764851411575066
0.40263057426619786
-0.036041120174546616
0.20631148227180657
-0.055602020242693756
-0.22766630085177478
-0.03413587843906583
0.05532040778476311
0.5124986588534056
-0.4044263693071191
-0.23337122399870952
0.39749799563857907
0.21359732898043382
0.3292091065987477
0.07837891319839393
0.27993896891264336
0.17345886767795954
0.18148688488058703
0.4003092366678771
-0.5293624169673075
0.33352655273842224
-0.09836552494080408
-0.18837406088726918
0.1907081139847226
0.13267020896910853
0.13267020896910853
0.29908651325882035
-0.5697578746972327
-0.2858351759001688
0.07723656651362683
0.07723656651362683
0.01926033941975274
-0.02178749722980968
0.21414067835813677
0.31345814912757697
-0.6385473619182654
-0.3406624534779704
0.2571341637961335
0.2571341637961335
0.30224379283954866
0.17879729037460046
-0.20246092740882746
0.28943104133989384
0.37633536932710554
-0.333019694792553
0.21812077282222347
0.05357399272947666
0.31731360664528896
0.14945595460672492
-0.060423751763676994
-0.6851610684514301
0.01570538438422362
-0.6238493156146407
-0.06139487400613975
0.32452977221890994
-0.41372291956117896
0.19679970262662658
0.024390605080432053
0.1408908326226308
-0.1315990439042786
-0.1315990439042786
0.18572351505556048
-0.007170635053222905
0.22446974644294695
0.09536553689790153
-0.23175311762235723
-0.2163779139314721
-0.2163779139314721
-0.2742976542105866
-0.7487641091822113
-0.18585073764049362
0.12438875872909151
-0.07637518605308835
0.34321664946908664
-0.373626130673465
-0.0389116171478883
-0.7755550563597065
0.0036316255029580557
-0.10543448022796177
-0.33551576178384146
-0.3702572043752778
-0.766836493863772
-0.4546997569093408
-0.4666376106667604
-0.13837743385966747
-0.34700665548859877
0.028821051957237418
0.028821051957237418
-0.2182311755805213
-0.08535474005793234
-0.8495310425732009
-0.8495310425732009
0.05511764793112914
-0.6030221293598472
-0.10387212673697
-0.4879952347739839
0.22495275667972664
-0.06269337641571845
-0.18978909206751587
-0.04903572052339889
-0.026164812409472646
-0.20872200274610284
-0.6216253730011557
-0.46339390346172843
-0.23649575450669677
-0.4825078647648541
-0.6160996373864714
-0.8469106119709198
-0.7151754940522967
-0.7151754940522967
-0.1322613827174244
0.05908896859301665
0.03559887988761382
-0.5401817973669043
-0.22795467826863478
-0.6064456919836566
-0.5243888379476891
-0.580500461146316
0.0704267948466417
-0.21632312333871684
-0.1780447374630341
-0.40690067853402473
-0.11249730116572532
-0.07327274136591995
-0.38835750420222964
0.013336601642273604
0.013336601642273604
-0.39730600076730327
-0.8612642137010981
-0.05034590524142818
-0.05034590524142818
0.02714053368777993
-0.1812893232289649
-0.1812893232289649
0.04515830423615335
0.0074108933228512665
-0.8385168233161149
0.05581885651393531
-0.0023809859859779637
-0.23228661457139171
0.06836754554685527
0.06836754554685527
-0.06313842295042213
-0.3704765529876065
-0.47868599958830294
-0.3997007216970025
-0.07899322814176395
-0.3432688898379376
-0.3801854747757762
-0.14763013622016394
-0.05416615853463981
-0.8348794820799899
-0.2336238545114087
-0.2336238545114087
-0.06790516121220005
-0.06790516121220005
-0.266334367023986
-0.20863881474199109
-0.20863881474199109
-0.473913258472503
-0.10899943507989437
-0.32708260147827567
-0.4156590721968653
-0.5781058118122544
-0.04922254243238996
-0.01021245306027142
-0.1278532611927831
-0.8567946145073572
-0.301798903222642
-0.028729450207383687
-0.3939529741389043
-0.32436742748344
-0.5203078572872318
-0.46664684676014273
-0.17487148526829716
-0.4348006549437614
-0.5818363191917899
-0.5818363191917899
-0.2509717045959996
-0.4527340857224467
-0.05051069613265618
-0.12861040969816104
-0.5746456071993438
-0.2758296529511104
-0.2758296529511104
-0.6071257848261834
-0.6071257848261834
-0.6071257848261834
-0.4571426618997663
-0.6284080999755023
-0.7576885954887874
-0.4944825414688175
-0.9321343026944023
-0.8048346038885136
-0.3236087299277375
-0.15955059609818437
-0.40392943364616274
-0.3802828556691969
-1.046585266994393
-0.10528920279669265
-0.7867050236663135
-0.4250649115669469
-0.5909069625815033
-0.19951349077816447
-0.12163545699137703
-0.12163545699137703
-0.2980721995709897
-0.9075306851626036
-0.3638049723697514
-0.9640868515549128
-0.48955554322928135
-0.5678498495604811
-0.25183071004699653
-0.14343930279824846
-0.47152043980590275
-0.014107072663686757
-0.27139141466223743
-0.5159204445712062
-0.16349621648757312
-0.44242166983183867
-0.2575500559154742
-0.1548427021172692
-0.2026776330963561
0.08452205563029767
-0.1388131512181629
-0.41585529444259356
-0.41585529444259356
0.07378075020443926
-0.008609509967903887
-0.008609509967903887
-1.0251345467634339
-0.03737476090514435
-0.21487552524691206
-0.5032146244851603
-0.12217832226712919
-0.5431364575732598
0.13645265500925863
-0.6083510645292425
-0.14276338910446412
-0.10289778398136254
-0.5765413194742973
0.1151075349901698
-0.49268018596233165
-0.06355083802309669
-0.6154627668519483
0.013630006105862486
-0.04018996426577299
-0.04018996426577299
-0.4616645205429293
-0.1570988179844621
-0.4653897359013787
-0.0018432022176851728
-0.15854896689206235
0.02191375224879426
-0.4555799846151189
-0.10976067646755268
0.380110361495422
-0.4756764284480448
0.12750087946313549
0.20782424531715168
0.2636743285928263
0.2636743285928263
0.22471322626903203
0.0448247178937482
0.11434726943679165
-0.4349404671370556
0.2988400597744342
0.21661809127632273
0.07755096268962354
-0.41997134083553145
0.0927632810060339
0.1232388978363686
0.1608058280102635
0.05764543849711013
0.3073667406844224
0.18090940588548976
-0.37916324331601803
0.1480599940272416
-0.4053428300407722
-0.4336717892705751
0.10942438880881464
0.2839010382907078
0.19675201646521454
0.054408692671249606
0.2895034601388947
0.2895034601388947
-0.12494863471419902
0.10173192468395
0.027438369571229547
0.027438369571229547
0.018751210575047642
0.03896995306576305
0.27770028612132297
0.27770028612132297
-0.3674671215437817
-0.34551886179762165
0.3314772631544153
0.03711437460991167
0.17608924306006077
0.3112561609773016
0.32127376406675234
0.1751018091480342
0.3336667256098849
-0.33488746231991695
-0.33488746231991695
0.2877046687068109
0.28887556456167035
0.3289270492904163
-0.3099187528488043
0.312931223612143
-0.298245339607075
-0.34262592829597327
-0.35305520005728297
-0.28625395661372105
-0.2959667398748179
-0.4669362590814104
-0.048710881262226925
-0.053948466870403416
-0.020052211752607966
-0.020052211752607966
-0.022842629914239975
-0.020213245626491575
-0.022667587329673618
-0.022039054805404388
-0.024074842074825298
-0.018209283989804675
-0.019525682575377377
-0.019525682575377377
-0.02172085116350129
-0.020966827553593553
-0.024770457633794676
-0.031753729835897276
-0.01900577845972633
-0.024372054641676046
-0.030485176332054532
-0.03546029319093191
-0.01998591147830447
-0.01998591147830447
-0.029804440354074067
-0.020667943554793178
-0.041453264168379
-0.030446428796822297
-0.043023994559445354
-0.04082206476491666
-0.03509240903080105
-0.03231471929758467
-0.031482086421764435
-0.028936994870170877
-0.021899853615023654
-0.03495476950071694
-0.02253498526333051
-0.02253498526333051
-0.04126719916135342
-0.02963038606891708
-0.04046771379018165
-0.02940526968015139
-0.023088512609502652
-0.03434630723302794
-0.040984878791359494
-0.04898325707325128
-0.04587111949462161
-0.028215723955933632
-0.03676923199854416
-0.0422283693789165
-0.0422283693789165
-0.05202073287706897
-0.02720933785860514
-0.0262997983402688
-0.043318256790266955
-0.04675667544667223
-0.04433808763517727
-0.04433808763517727
-0.04244801239337742
-0.03566710921246709
-0.06313999626963769
-0.036350479511568286
-0.047806172644391555
-0.06374664944710595
-0.04627696895123359
-0.051944460556223024
-0.04851500483924883
-0.04854931399488906
-0.049965388650278504
-0.046079224837275765
-0.05233105531165095
-0.05233105531165095
-0.03578863239476351
-0.05299761988294648
-0.05089883768190919
-0.0474277198653056
-0.0399488894734226
-0.036096046983139306
-0.010136462353753444
-0.039513914733213154
0.02774692776460771
-0.04231088703866567
-0.020554654002949268
-0.04254511932533007
0.02839251778474414
-0.041554434047621436
0.03378468008378696
-0.013816679924689879
-0.027801275353635323
-0.015867775418332414
0.019774839090784573
0.008161559341504128
-0.043995301102395294
-0.0429806456145124
-0.024777108551661927
-0.01871108657450403
-0.03635215668977026
-0.025369934825671833
-0.034461481454844234
-0.034461481454844234
-0.06301955372321145
-0.04127385486651786
-0.037796064793673145
-0.01631793684612935
0.005186544087444652
-0.03559127880289652
0.019641999370222506
0.018461518088928652
0.02948272337520662
-0.04060774425513609
-0.04060774425513609
-0.04060774425513609
0.03694812662277739
-0.034697634038681265
-0.026046497823622273
-0.02788073090402617
-0.017599248529347206
-0.04128681767882158
0.027439018937676363
0.020166149051004542
-0.044186698648884526
-0.025279834509592165
-0.025279834509592165
0.03538810920305168
-0.042464253041626536
0.0180964190345013
-0.044704797581442045
0.008755126637123696
-0.03592342729054886
-0.028325705880858993
-0.032385012794405636
0.027904602078215993
0.029853262507935095
0.029853262507935095
-0.01768448395659319
-0.019970335402325148
-0.014939878130611707
-0.003586966454752146
-0.036452478422652444
0.036645434544170824
-0.015823666231827502
-0.016790757533670746
-0.013068161809952265
-0.03389121159290513
-0.03776417982422196
-0.02672186192610332
-0.00996441844582951
-0.013726436233629118
-0.015910702100107255
-0.03708305842381707
-0.03708305842381707
-0.005835933902993696
-0.005835933902993696
0.013119294933840776
-0.02588324985356439
-0.02588324985356439
0.027263798385259594
0.03331152067058642
0.035353044247953005
-0.037977800293329846
-0.02039783079928671
0.012733614956051933
-0.002094786076218081
-0.002094786076218081
0.03392260230651361
-0.02124307045832457
-0.017033342305693002
-0.0245787501422982
-0.006063989922017518
0.00884764071093646
0.01922118658000452
0.004331757882724928
0.005515071337215132
-0.01592474744381543
-0.009069717037109116
-0.012277217779461135
-0.004074816802151982
-0.009800967566728748
-0.017171329464365684
0.05049274269802751
-0.01417759593432628
0.016030445176691388
-0.0017191847292562213
-0.0017191847292562213
0.013185599925720715
0.009440504420045235
-0.01617012846691543
0.0044527693898813656
-0.0008192217944985735
-0.004189166322456217
-0.007347122057872525
-0.0025166579494941724
-0.0025166579494941724
0.02106935996161817
-0.008368691828308367
0.021833475476169466
-0.01975993179911566
-0.01975993179911566
0.002169189617010637
-0.031255121923387544
-0.03031262574367716
0.0036155867206026336
0.006570839366022043
-0.014793992929105522
0.01669964481004286
-0.004559271830238478
-0.016464533263167914
-0.0021176962458252352
0.04564020560121103
0.005645391397534042
0.005645391397534042
0.019556418087870946
0.04421781662043426
0.023347527166520332
0.005030670790209148
0.005030670790209148
0.008618272570474959
0.004109942622878376
-0.013097234985478906
-0.013097234985478906
-0.006599488741852982
0.0359127969629407
0.03291906597765255
0.0012624762809803442
0.05204593096888464
0.010607143892725084
-0.007619094025457847
0.024366213045558933
0.03334036018165762
-0.009065179253870674
-0.024349000973287738
0.011929433981882686
0.011929433981882686
-0.012726783646257688
-0.01635683905705044
0.02769173409568328
0.0007555931632593662
-0.015516763067691652
0.0171807366559885
0.0028312701114695162
0.018521842075780604
0.0014901664609827448
0.040116290729791865
-0.007391083375300459
0.01554647247821718
-0.0061891630627190835
-0.0061891630627190835
0.03364647024663942
0.03364647024663942
0.02583771762376874
-0.008066302462148968
-0.005034927271006036
-0.005034927271006036
0.01723204244794136
0.01577302292974457
0.01577302292974457
0.01367227934392541
-0.014871375593024793
-0.014871375593024793
-0.00400558418511403
-0.008450381044646522
0.005408227470078892
0.005408227470078892
0.018055264355750195
0.035563524144467444
0.003526836050566973
0.003526836050566973
0.024025086148868367
-0.011424711226032301
0.01647619158410991
-0.0025095095142676836
-0.010055057561376477
0.007885917251867996
0.05961808205952289
0.04385181786996917
0.04233981405996312
-0.022666745581617916
0.01918963808712144
0.023690371520593705
0.024515054691275438
0.014313969947305123
0.01220575256434661
0.04429695320441173
0.028395572533114564
0.001105928077772356
-0.008493448303274477
0.0006432005051001042
0.006635107232026027
0.023062431795546325
0.027151243215808935
0.027151243215808935
0.020565775779199852
0.008480532292310073
0.013672368454566637
0.022006721686591152
-0.0002496253199791009
0.033480826907260085
0.011860734682225715
0.026317734002028838
0.031717748429041
0.02231361400744616
-0.00309919397759122
-0.00309919397759122
0.010242501756203004
0.01204502071583793
0.025169123261954494
0.06222814857484313
0.01633867895333486
0.035412270219170566
0.026519759138732574
0.0017668221359173446
-0.0015122379456055882
0.05198290600058617
0.03355700475255002
0.03355700475255002
0.007574288659592146
0.04384024101884263
0.01974177807404352
0.010046564235884289
0.010046564235884289
0.004272916124280366
-0.01138136044421096
-4.32848196323625e-05
0.013599761967299045
0.022738646183035123
0.022738646183035123
0.011180868267459714
0.02479863540391174
0.009691539128966439
0.007957314306172957
0.007957314306172957
0.018995474537303186
0.03232012509147704
0.023371341480559398
0.03573748737311738
-0.009020199300226867
0.010711374196541845
0.030695640828054403
-0.0006846977243754939
0.05022209291492739
0.04455060668276098
0.053894178810636316
0.013044062244976687
0.016132889937019432
0.0020258892089613416
-0.0053621719989923045
0.026927836667272893
-0.0032570018803864424
0.018872388411893082
-0.009001940847713248
0.008035546889568732
0.06079240676375596
0.04770303178610834
0.04955475167568371
0.0257704830267969
0.05563420105591043
0.028740503863309834
0.05733620242738922
0.025417427621998848
0.05044265067721121
-0.009457459704906747
0.03171296881838006
0.00022698053709837158
0.02814061775020307
0.006055257914349847
-0.012767194907856409
-0.0076067349496930425
0.005544252848974591
-0.00081394379373173
0.04579228185316167
0.0569696671995994
-0.012413009852186433
0.032281022903241426
0.055488834096325886
-0.008694715227329314
0.0005001760560020543
0.058124698556208186
0.058124698556208186
0.05213900581883575
0.05135421502756049
0.02499431176743882
0.02499431176743882
-0.004336499644123305
0.04867167714700632
-0.002382721910489792
-0.002382721910489792
0.05402604524884658
-0.004443665612375502
-0.015656235722965366
0.0630608876731404
-0.017947780942099003
0.02325388287763612
-0.024156472880762066
0.0006895904718446218
-0.03189081262147025
-0.03189081262147025
-0.03752935258974962
-0.03752935258974962
0.052592089337736
-0.015935157658039795
-0.02914216888059357
0.027273140410917697
-0.021111716741045335
-0.028524920133657712
-0.014823885449162518
-0.011805021796908458
0.019306502910524066
-0.02450247675029275
0.062390423249498124
-0.016975076321417794
-0.0217758391919886
-0.0333783162330402
-0.008647577070191726
-0.023487043044784755
-0.020801911948992422
-0.01477642040059794
-0.01477642040059794
-0.02180023830082151
0.056330031773145745
0.02163914177660139
-0.020278161278369553
-0.03325992893175603
-0.014831278006622319
0.06074664006720852
-0.024669057824880745
-0.03960007185255891
-0.00017260345526673847
-0.029246864262885308
0.05929635648001721
-0.03292283389913083
-0.03292283389913083
-0.010547573703856934
0.015096746479741569
0.05962957541579652
0.013518172802321952
-0.03679725845570863
-0.029298168734188116
-0.01140689001425988
-0.01140689001425988
0.017103116897519057
-0.03532980705678515
-0.020014314890888698
0.013538422620413947
0.019228238201693046
-0.012674481837472112
-0.0360395917623931
-0.025626611255088153
-0.025626611255088153
-0.025626611255088153
-0.036881856155841275
0.01606125674917645
-0.03373308243101945
0.011531395306222738
0.011531395306222738
0.011771560154183198
0.01071844165596715
-0.034895180033844085
-0.03417672039959737
-0.03269364528691427
-0.0361583393060177
0.014749034797434982
-0.035313796077795855
-0.03298971874113077
-0.03298971874113077
0.009835773523521578
0.010718604421532673
0.008279668834694802
0.026127147793838384
0.02676813353613776
0.02843148214147068
-0.04961217595877944
-0.01949949683672666
-0.01949949683672666
-0.020808032300325307
-0.023428536421324805
-0.019614968330074523
-0.02227473399811449
-0.021519895008426576
-0.02338732939236535
-0.053074414234473906
-0.053074414234473906
-0.019845217591936786
-0.020638232956629338
-0.017980745598687828
-0.02657741629160899
-0.020629580794844053
-0.021528687888404886
-0.024340308910458797
-0.019148573836271016
-0.025745209476764067
-0.020433801617656802
-0.021733375727653954
-0.0360047596110619
-0.037720038521665916
-0.01883188161160542
-0.01883188161160542
-0.019824022672463307
-0.023775815169722027
-0.020521679157922388
-0.027552968082479395
-0.04124373225888163
-0.02906510946119218
-0.03233028263253493
-0.027036926406119707
-0.027036926406119707
-0.040446334039944146
-0.021941653322778826
-0.02043433315744194
-0.040979263566675736
-0.040228326787104585
-0.021513379583579996
-0.024872450107207313
-0.0438468883515965
-0.030285692861313662
-0.03437990422372411
-0.040723278568333014
-0.032604218104551885
-0.028459409245828075
-0.03675644712458438
-0.043095315850714355
-0.027605806326586216
-0.045024983294880694
-0.03183999149613837
-0.043107016330981136
-0.038132428382539184
-0.04827174316835901
-0.04775950017586251
-0.04611696010272343
-0.0313596817804594
-0.042595296174344655
-0.04774570201464466
-0.04421852836685873
-0.04921475926703147
-0.05103918826135664
-0.04416858975746604
-0.0463716910263917
-0.043140016700049286
-0.052476125684173126
-0.04740369373735833
-0.040391722559990864
-0.05108279415207097
-0.05108279415207097
-0.04604892151123169
-0.0481427420952769
-0.045980304433041554
-0.05088000753907503
-0.05169655695615191
-0.05233758476599665
-0.05047426385323203
-0.053737967853458656
-0.044229057779952924
-0.040235788791836376
-0.04516897021499928
-0.04696199755842032
-0.04306802190473318
-0.04700146125630516
-0.06250738492898626
0.009954524163196758
-0.043734763431649
-0.03676048657178545
-0.040745322380682895
-0.050496127573691936
-0.04304469608404242
-0.05024159058966596
-0.04018031702903763
-0.04344738272260653
-0.0449176749191055
-0.04259327230313472
-0.028355638076192582
0.022856128008851548
-0.04862134863029892
-0.008489637299271758
-0.046948432568247496
-0.04500321115966033
-0.044065275994072534
-0.044065275994072534
-0.02484698582272516
-0.044033188842502666
-0.03745143412604002
-0.03921272459541225
-0.03921272459541225
-0.045982934071683794
0.02253515808926233
-0.034639487014395454
-0.03571962384691028
-0.03571962384691028
-0.018189187781754487
-0.04063939251401097
-0.04390302783763468
0.01744789863549976
-0.01985701096643966
0.02090008275894484
-0.03370142404548006
-0.036040951575066885
-0.036040951575066885
-0.062403101731005224
-0.04511886625142141
-0.03241027405226505
-0.035716504704464455
-0.035716504704464455
-0.029254239609754203
-0.04354987399453332
-0.045464384958337135
0.007668363258238122
-0.018835950379036324
-0.03149968790837763
-0.026726997303583404
-0.03387472265938012
-0.029910019894222716
0.002240040819983851
-0.017686245862350507
-0.038030708307364935
0.01850676101325212
-0.019003948595424033
0.007920654892242364
-0.035403178668431776
-0.016098761619393515
-0.0385459202747326
0.015233700406243923
-0.022387630854988797
-0.022336434412883143
-0.017152282492023493
-0.02828726022047492
-0.018169309383531427
-0.014811515005396386
-0.02747458923291313
-0.0066255221962521265
-0.03214146069616125
-0.039817754896367845
0.018683132003628644
0.018683132003628644
-0.02205117584569611
-0.02085702707911487
-0.02085702707911487
-0.0262686406528977
-0.016812666607928625
-0.018367750938541677
0.013778962752865534
-0.009200047507637804
-0.0050896503314947755
0.044282875238870326
-0.002608747383571771
-0.002608747383571771
0.006068711220018373
0.02312484359439162
-0.013539512974730349
0.04014329181349659
0.029428701503417753
0.004257653254040741
-0.010100203152598951
0.005551014127041194
0.005551014127041194
0.005551014127041194
0.010691119162718251
-0.01089529544676191
-0.03395007520499765
-0.018759593762378433
0.030213415045493058
-0.031772978061834406
-0.017086788417297917
-0.00950084137645248
-0.01159646758020746
0.02646557917892362
-0.0023858107357019936
-0.029670134393112543
-0.02828917645078865
0.013127307387754071
0.013127307387754071
-0.0013647452061734055
-0.021430755641833114
-0.021430755641833114
-0.032239663622670965
-0.01641617369592376
-0.01641617369592376
0.04647946036624701
-0.006853354811469822
-0.006853354811469822
0.003438261002042025
0.008319216832397492
0.005579274796607691
-0.014609975007557776
-0.014609975007557776
-0.007624826738785702
-0.008831313483447276
0.031602912649821825
0.00487680478763346
0.00487680478763346
0.003798046730105362
0.025901489496226567
0.022933524194650563
0.022933524194650563
-0.02650810351083911
-0.014188700524790964
-0.0171395629754552
-0.0171395629754552
-0.017983153326909068
0.02998592142599155
0.0001771091424772427
0.005146253353788753
0.006401928107521759
0.006401928107521759
0.006401928107521759
-0.007427944164104255
-0.007427944164104255
0.0024218787489671484
0.0009579779225016852
0.012372681931528393
0.012372681931528393
0.051128029224273876
-0.014640454516002575
-0.014640454516002575
-0.009196851563942093
-0.012796501304281102
0.018140361755875356
-0.006016450635557389
-0.006016450635557389
0.021147451920455126
0.01635672415459794
0.029338060846704334
0.029338060846704334
-0.009807352703465132
0.03940246390198489
0.036251622071172905
-0.014423640104641089
-0.014423640104641089
-0.016507326518924146
-0.012874644551185676
-0.011508965534167553
-0.003372417704314306
0.04846409439249538
0.0031049511197940973
0.0031049511197940973
0.005202308627502454
0.010407493506903924
0.018155844404595042
0.01656889313641623
0.01656889313641623
0.0077708706542542645
0.0077708706542542645
0.019137347955031605
0.047253407184921506
0.04990929245707057
0.01739491486678465
0.01739491486678465
0.0111888953346987
0.04859055034033516
0.03851765050452866
0.028872069495550916
0.01487437165079378
0.035774243684252055
0.0007455047382170123
0.012573275854675936
7.772417573604333e-05
0.0451553654719505
0.02194058037045725
0.026153552376802273
0.028856686796115402
0.028856686796115402
0.04664719400260232
-0.0010838444761834135
0.010100286741657727
0.04760244292172131
0.03060477280534611
0.049269051406342114
0.024602350199222276
0.024602350199222276
0.024602350199222276
0.014204996257087418
0.014204996257087418
-0.004178612426163883
0.02158824451856688
0.02158824451856688
0.012080770249083578
0.06154727276712321
-0.025004533577499086
-0.004842377537834594
0.028119517360760717
-0.0024607858975227285
0.010297701476614846
0.010297701476614846
0.01231327495967372
0.01231327495967372
0.00799955700929517
0.00799955700929517
-0.0010828715624278105
0.04844007408820887
0.03621536315997939
0.04380641233714949
0.026774474692064353
0.003710372055967234
0.007315583027632474
0.03412883523169212
0.03721009027241081
0.017059512975088204
0.010037737567167037
0.010037737567167037
0.013170234437315423
0.028442572717367158
0.028442572717367158
0.020681185481011586
0.01113610349936652
0.01113610349936652
0.01399385882130273
0.003257940251787102
0.003257940251787102
0.016523441742047954
0.02406384552960837
0.02406384552960837
0.007706947259915717
0.007706947259915717
0.009626553251951015
0.009626553251951015
-0.0016248696361693413
0.026350800678335024
0.026350800678335024
0.013532008060686745
0.04372473947940025
0.01989768603450593
0.006965921541058917
0.01067494196244861
0.01067494196244861
0.024770417101800023
0.0036979653934131745
0.009037883047610022
-0.006834008622843659
0.011900304805534561
0.006386821392145606
0.006386821392145606
-0.004621250952808337
0.04409905127576649
0.013264303080915123
0.03298861039902773
0.016555475607802433
0.009899712309202923
0.0435230353822929
0.028049663047605762
0.028658949945900764
0.057146609355592466
-0.0008099303977585688
0.019723624506270805
0.007971111344107528
0.007971111344107528
0.002858309115644308
0.004383924545361695
0.0022809584174859504
0.03214033913203736
0.01815688457303185
0.041555129672020706
-0.011310614276726081
-0.00792718827868032
0.048432962915497015
-0.010321004724385815
0.04101081918210481
-0.0008611848646939985
0.00394144510889564
0.034806250661350124
-0.00938939617059755
0.054985718649473415
0.0268551707515398
0.06879842738667158
0.03311118078892768
0.020633120653961248
0.029828243266726534
-0.014549740300336874
0.046339987904146486
0.03395400686147761
0.05210449018339779
0.054137283139140235
-0.0006536884810564855
-0.0038755645076827897
0.017143877355440405
0.004912125236686002
-0.005940235516046222
-0.004402053416015288
-0.008178907346682493
0.06105817384897758
0.02625132875889279
-0.0038466890176113945
-0.0038466890176113945
-0.006123966235009075
0.006309972310457123
0.06362486409553184
0.005092682586541461
0.0033028800532847284
0.0031993997269015675
0.05484106950514771
0.05484106950514771
-0.04101991321986622
0.05242928263816374
0.06163345936813823
0.060196410403154335
0.011225205168839417
-0.0029662876271317287
-0.000589028253556204
-0.016372838490770765
-0.030079731384647264
-0.014157585896130432
-0.024015660610206185
0.007464624391314818
0.06262746553115035
0.07066888132185885
0.07069393589839817
0.060905725733589565
-0.02616568328572072
0.06493676864607134
-0.027647157972307133
-0.008003690269437556
-0.015437174531693434
-0.01078241523783837
-0.019778630633969875
-0.026734321590845423
-0.01878706532305492
-0.024737449636683232
0.025141879519273894
-0.001130063831004418
0.05628461265269138
0.061914297077550744
-0.009825982452818816
-0.009825982452818816
-0.01065579568971659
-0.012272607097272915
0.025299003997215234
-0.03893093910302093
-0.013543473800058596
-0.013543473800058596
0.05335164588493135
-0.040247974123285526
0.0591376217619872
-0.0370004190874769
-0.02486755813972821
-0.000801167293457477
0.06729455136810666
-0.027977452585508003
-0.02332442374997752
-0.01760478917624752
-0.016618783243796006
-0.032700389268037255
0.05439512423514474
-0.03332477888435169
0.01681362803919284
-0.026821878898591413
-0.005956076026317514
0.06332896876188039
0.06960506300199602
0.05830489720634858
0.013333870741249006
-0.022891796813825038
0.01909800500090019
0.02093701579635139
-0.017684420583436045
-0.009473191483377065
-0.009473191483377065
0.052429990810616604
0.017275491291214976
-0.03931203618116185
-0.010402347494885103
0.014497709266715368
-0.04239218478323182
0.06378794057829504
0.02117705722397199
-0.03724011734866686
-0.03743303679877252
0.013186372991437966
0.013186372991437966
-0.04020012401571187
-0.03623214968252034
0.01720102719289931
-0.009471878482579936
0.01496980020787315
-0.011308440806761067
-0.011308440806761067
-0.036046532409599846
-0.012376366433791149
-0.029389078423753157
0.067112665119597
0.06845919416467977
-0.041158068579106415
-0.0250439995937312
-0.029940501235257985
-0.025587728072229848
0.010935563430377564
0.06487396473263816
0.016441375961076265
0.0636336607946287
0.009608199252705108
0.015767300932037216
0.0100808068785952
0.011004762630906058
-0.0336545358893279
-0.038686286992168285
-0.039374610607757
-0.04239094706015507
-0.03698165442943428
0.008662436133379638
0.014138807045678596
0.009242585940678606
-0.04003227573813623
-0.04072185391120743
-0.039237255101525974
0.008843370562626691
0.013778798814296106
0.007007849896404848
0.004730810201269667
0.012274339788309543
-0.012591807246585528
-0.016169433638918245
-0.015126323734265137
-0.013783737524352314
-0.01443846336602142
-0.015966400323302172
-0.0173969619655216
-0.013802025432586644
-0.013802025432586644
-0.03906918635412486
-0.03906918635412486
-0.012706684933997342
-0.01775075542138095
-0.01775075542138095
-0.011589914492092044
-0.014760331356820828
-0.018103203617213952
-0.01923722367108409
-0.013299543465826945
-0.012297222562354548
-0.018533813062261165
-0.017596320012613256
-0.016109866407401367
-0.019657925829572657
-0.04285072231413897
-0.04285072231413897
-0.022917536298650718
-0.015106629117135078
-0.013466347327761443
-0.02229122792986293
-0.014130508577432309
-0.025538169229545375
-0.014554317394995228
-0.027312155776004005
-0.015620366180039372
-0.021469868285174155
-0.02364457541085473
-0.02364457541085473
-0.014711062396650964
-0.014711062396650964
-0.03287146944194795
-0.02193184050846882
-0.014299615844493097
-0.018417658456090474
-0.026928347378199973
-0.03270412485084413
-0.015882112328720888
-0.03452033428980176
-0.03452033428980176
-0.021508819067649808
-0.023676269140845908
-0.020194802778696057
-0.019494904534162572
-0.03417828702454858
-0.03417828702454858
-0.030639509690248867
-0.03704172346813079
-0.020084879865799474
-0.03525249391001585
-0.02411278559212013
-0.02406685349522464
-0.030814102892002863
-0.04007012179803451
-0.03604192437979746
-0.05054317215298655
-0.03502377384527787
-0.039728850666446075
-0.02620182142139095
-0.05213481667323848
-0.03574348651453272
-0.03574348651453272
-0.03862593372079738
-0.03862593372079738
-0.03797220655810387
-0.03797220655810387
-0.04487451914783269
-0.035783967382493106
-0.044086647256676895
-0.043098750443964544
-0.03893067343965779
-0.042107074335279236
-0.035482137673284786
-0.037274235011243134
-0.045521204545158636
-0.039691726630772486
-0.03237005281932815
-0.0337761030035422
-0.03687691617720958
-0.04057351901318809
-0.036535103412129864
-0.03657684164697179
-0.0440203479083867
-0.03183209192368603
-0.03183209192368603
-0.04072397380810553
-0.03921296597931591
-0.03921296597931591
-0.042938181293402176
-0.042938181293402176
-0.0436399387425132
-0.03446592053869639
-0.03254633095666289
-0.04269722045367173
-0.045802981896360284
-0.03331673590797167
-0.04313331477838013
-0.04248202293902246
-0.033632175400791976
-0.03631317152961038
-0.035389334173577446
-0.034722690073492886
-0.029997929070631313
-0.029997929070631313
-0.03971149619982608
-0.04073833958417232
-0.043476690877790686
-0.03710993908792809
-0.0016200428276696036
-0.030633888827261823
-0.02548033008435433
-0.05620355572141383
0.010291499589658104
-0.0289891842118137
0.009247760954604521
-0.03706855708546934
-0.03331257354529633
-0.038469564310120004
0.012180575737641242
-0.03627629181140465
-0.02011703069719615
-0.041944752104614576
-0.040322907130798585
-0.03446602906402187
-0.03866793210616899
-0.037733140590136785
-0.03781061018075968
-0.022977337520693822
-0.0352516301574093
-0.03168569849459923
0.02069522083518469
-0.03569424079755034
-0.03012293033593823
-0.027450697505458786
-0.037703420382754295
-0.03824003349431006
0.009092821720233757
-0.033945892254925135
-0.028208019197037023
-0.03506748552448175
0.021153986574273243
-0.03875431562634745
-0.02719186484897915
-0.037587177147583244
-0.037587177147583244
-0.03926725916659739
-0.03031011447443132
-0.01168368380794986
0.02464598592220048
-0.03811649014495068
-0.028718990623907318
-0.028718990623907318
0.017020337555992592
0.017020337555992592
-0.02520267647860048
-0.022169058859460973
-0.022169058859460973
-0.015093729393482427
-0.027845854227852518
-0.005255065339143847
-0.019456514038992803
-0.030256756350100868
-0.007620493737682995
-0.0331109338053772
-0.024478899950105916
-0.016228160983860682
-0.016228160983860682
-0.021668172417360226
-0.02648798783095778
-0.011188548440106024
-0.01845494889976812
-0.02375242099861569
-0.020892237963550445
0.006536500247891497
0.005422420907882792
-0.012713337920012308
-0.01918357019922259
0.027146404529800012
0.017266041211866315
0.016701084861750877
-0.029146923527020068
-0.03439079680723862
-0.015906766608742486
-0.029729036612764936
0.013776490047429424
0.007688014235502878
-0.018295746566142412
-0.03194526572566276
0.017402907942200004
-0.02207730762598877
-0.015727109437285502
-0.0044177176635180945
-0.015003501223895542
-0.013585929709863342
-0.0034334641826764636
-0.012466740075429028
-0.004711209806561976
0.016863240306233245
-0.0282172194920062
-0.019178861581995724
-0.019178861581995724
-0.0012158124418373824
-0.0012158124418373824
0.006080985330851009
0.00821811504602559
-0.027157785640700944
0.0045447635126378465
0.0012461372911552124
0.0074435318677263836
0.0011902573274780134
-0.01393960039445892
0.005520741679723224
0.005520741679723224
0.005520741679723224
-0.009222061417548817
-0.009222061417548817
-0.007316620266577155
-0.025323648911966274
-0.024129134294900465
-0.014533762478085964
0.009550954634051347
-0.012127409109552616
0.036868940218480924
-0.022650773915826115
-0.010079437397945184
0.005035556057949859
0.026369862469912925
-0.013562367298025098
0.014977240967709343
-0.005138131065981463
-0.005138131065981463
0.03696938052103705
0.011298757420937281
0.00367347557944889
0.03640856141367714
-0.006998460098372324
0.007781968814516726
0.037879709311751136
0.005525013351913276
0.01327078185722593
-0.007756848154779489
-0.007756848154779489
-0.019947878377262713
0.004828222865399683
0.004828222865399683
0.037021051752844085
-0.011664497678183916
0.006520589295108596
-0.005894942517218272
-0.004156810583462722
-0.004156810583462722
0.023415941496391614
-0.016693885954963548
0.0050413342121951215
-0.016001083565726836
-0.012075615108280448
-0.012075615108280448
0.0013787117314452214
-0.007369021694207155
-0.006564445248212378
0.025797262872662513
-0.007940126616203778
-0.0037060521899380723
-0.009486628385655303
0.02466391520398243
-0.010646307473642192
-0.012004912327814508
-0.012004912327814508
-0.0023861197332403746
0.01701595735968935
0.0007155229006574177
0.003127623464835548
0.003127623464835548
0.01817974905321038
0.028471728960866687
0.0182365181411185
0.013436789433975064
0.02558342573356604
-0.006978399549709407
0.024918252376978613
0.01842182131976365
0.01842182131976365
0.022291313536601676
0.0030589330502460567
0.015059065638442825
0.00135736735334169
0.011353871497171958
-0.0023577719565865745
0.007120482543412187
0.03282529769606112
0.037976135771488145
-0.004464919132623401
-0.000642048239336808
0.012857656000719255
0.010933395140087083
-0.025004209321800336
0.01578512406320375
0.021243328381155772
0.021243328381155772
-0.003387764215569498
0.00884479285749156
0.010049689905274172
0.024216395255110247
-0.025640964808115396
-0.003936433639545982
0.011534793070789912
0.011534793070789912
0.0067540900717953664
0.0067540900717953664
0.012363109152473035
0.04118401125876092
0.010484182385530965
0.020814640948136374
0.021506494392001578
0.007324331731262083
-0.0007839814078463448
0.0011435289199917128
0.02988956174575567
0.009008585668422593
0.028166414716780396
0.0023176605112818186
0.00694412247069062
0.00694412247069062
0.023554558202711167
0.025077908941021937
0.04140358637278404
0.04140358637278404
0.006368130393349132
0.038052529537889186
0.00013434859759058296
0.016144232265082138
0.008652605046378596
0.005162754474086142
0.005184436394660851
0.005184436394660851
0.002916368549981293
0.014523086500318578
0.011250913165768948
-0.0012325919646049828
0.009528956934471549
0.009528956934471549
0.01552117652356119
0.01189130459191082
0.01742846810288281
0.0016987499317729466
-0.01639286761695057
0.006643526976956873
0.006643526976956873
0.0370942986219982
0.013988458288426653
0.00820029515659782
0.037793802155868604
-0.003979930577107958
0.006061806185104086
0.006061806185104086
0.003297211534795703
0.011533209748039284
0.041318900570784654
0.016735323942873206
0.007570235185095093
0.020704707805577666
0.03930997878046094
0.005426553544446372
0.002782175086204918
0.010077873076007307
0.013259475420900356
0.02385380050246228
0.011157817659396775
0.002213882861213395
0.00882791327294501
0.00045248434973572125
0.013893688326034133
0.027204348417610075
-0.007022636509350198
-0.00910798891932813
-0.005151606491525032
0.0019036359805398265
0.01644737369848656
-0.008409715680795168
0.015159438491201528
0.03574310637173432
0.00614761906245753
0.0075691505560913095
0.009221359759061727
0.003273423716674173
-0.012999921114225968
-0.012999921114225968
0.004366137130426765
0.0400665293949462
0.03536513926945864
0.007042464227717824
0.02136568511342174
-0.006051698119563103
0.023385158295440304
0.009344193172250014
0.010717441036410867
0.028479232687161442
-0.003654074101176061
0.0040201325152354845
-0.010052151171505753
0.027016250555800148
0.04552520655436836
-0.02694138372820365
-0.0054848865675917735
0.0332758127766824
0.010339483803692009
0.00799687161075959
0.05184920088728851
-0.0041704672482400975
-0.0041704672482400975
0.0389151146168186
-0.008491571545672273
0.015327175751352602
-0.007876412064382013
-0.007876412064382013
-0.005730990069833262
-0.003744620915752301
-0.003744620915752301
-0.03382654869079471
-0.029108341319078922
-0.00266936727169337
0.04307125773083072
-0.011309239920087668
0.024953554952750576
0.04408953781327966
0.04408953781327966
-0.0030676383728152515
0.029061883418368954
0.029061883418368954
0.05360681709873644
-0.014869722489009588
-0.00809619413453311
0.041522054528870894
0.040104743153232356
-0.013643195009800425
-0.013643195009800425
-0.009313745597592066
0.0430064321920537
0.005000324556645903
0.046856868961035296
-0.021686572607419824
-0.01001011506108876
-0.01415089752025906
-0.0075753968765021815
0.005805967459200512
0.05420867892178115
-0.011005972741413794
0.003787310011105231
-0.020363782124090932
-0.020363782124090932
-0.017154896138963246
0.020302659962021182
-0.01592326730169924
-0.024825101194588042
-0.009948475951274004
-0.009948475951274004
-0.0216098926174853
-0.009233211839453893
-0.0016674544684332228
0.04793969339365094
-0.011419590965652253
-0.01668247814887775
-0.01668247814887775
0.03921891562967788
0.0029733401626499457
-0.03559239173226246
0.0433187885761817
0.0433187885761817
-0.012600404457969977
-0.012600404457969977
0.020322681548490776
-0.018047953640452797
0.017952855735213463
-0.03636324649264322
-0.02557920278346674
0.013665030985040783
0.013871498809148848
0.049668128592291305
-0.015314532105605861
-0.00973295450068681
-0.02137073738655451
-0.011215447163976294
-0.034466318082722214
0.017826880791527607
-0.0022866913654690955
0.015243406328352985
-0.0014474191028504533
-0.0014474191028504533
-0.02370089105151695
0.04942730478730013
0.049437467754485896
0.030893117004635897
0.027594214385211285
0.04235462331875842
0.05046941836604521
0.03282960773413647
-0.03713307219432402
-0.02458279022369586
0.04768096015825386
0.048464932316776635
0.027081492678891032
-0.012381343126414812
-0.006001474615243038
-0.021139732812344103
-0.03931976356912123
0.048923468655730384
-0.016370347235950326
0.030442879993691906
0.011240323562839057
-0.025756888685422447
0.04816349983581372
-0.009193221514628206
-0.008145515224237917
-0.03735071375088958
-0.009958992342519861
-0.03353575274326024
0.011606051534117878
0.05237075029227112
0.046290005418110666
-0.01277360822771114
0.05356366423950298
-0.019355427816305924
0.015458287871145324
0.03014377414707818
0.03014377414707818
-0.037694289912562746
-0.03563868703612158
0.00886868185200645
-0.02728041696202279
0.051998431191532274
-0.010979421097095753
0.05437893381121018
0.04683054042251846
0.04284971252524441
0.04827599997712744
0.04827599997712744
-0.02782304900519868
-0.01128508788844131
-0.009773739293240264
0.012665534559511868
0.0135625145798148
0.012024308179154154
0.049351972751656384
0.05228169873888073
0.041055248882225254
-0.03560155005906452
0.009819711206138736
0.009819711206138736
0.052309285471426305
-0.037070717013914845
0.04231784463124867
-0.03986667938168949
0.04690599352337775
0.05263462630074372
-0.03447430703742233
-0.03200067203092548
0.05245850965574469
-0.03777159259358003
0.010550269952849044
-0.03542764463109636
-0.03170171160584432
0.05175538070832712
-0.037013620174678345
0.05070775246131654
-0.03641607194040496
-0.03815842396142826
0.006337010815720565
-0.03507184537946669
0.04874806749529958
0.01108052652093018
0.01069078094044826
0.0042312215079116965
0.010765986639915787
0.007727844615107292
0.007522138232847046
0.007522138232847046
