-0.5190521807986962
-0.45284308123597466
-0.45681242941228173
-0.45540529243507905
-0.4610300638359984
-0.45333272321916873
-0.457425394326812
-0.46469436489705995
-0.4655119441741249
-0.46435745489232855
-0.4685554156969083
-0.4685554156969083
-0.47361807453556437
-0.4693903434510612
-0.4660920342994597
-0.468754564338698
-0.4659824636303101
-0.468130557264629
-0.4689242241949541
-0.47502061953955976
-0.4690225857322375
-0.47387575235543106
-0.4807480992158213
-0.4807480992158213
-0.47466752859056666
-0.4762829513048417
-0.48059925385445146
-0.4781986898438044
-0.4752129874540765
-0.48368732364477995
-0.4828469610433505
-0.48040059539712116
-0.49851265173624965
-0.4839877307620135
-0.4970222410968859
-0.4978182553496689
-0.48356274630609725
-0.48563313123359725
-0.48133711837571774
-0.49875802583444434
-0.49875802583444434
-0.48936301012832983
-0.49610074200446125
-0.4988957204636154
-0.5020668113586606
-0.49166085689234834
-0.48935706147913693
-0.4903004037448019
-0.5017379683395193
-0.49898731876307884
-0.4879467829263387
-0.4896962026544025
-0.5018373666828954
-0.49733321146933834
-0.4058395619679638
-0.4951290326717125
-0.5233191166779915
-0.4994033429001385
-0.5007683523014683
-0.4942570855835009
-0.5030843348470619
-0.500297750164006
-0.5019086602664521
-0.49422560258933473
-0.5044282512354457
-0.5013760720792007
-0.500868966086017
-0.4980290299222318
-0.5000197384980319
-0.5034676863964136
-0.5015759774337966
-0.5018694501419797
-0.5018694501419797
-0.5011212783767343
-0.5058638403893796
-0.5074830887162675
-0.5018821147360969
-0.505032444425868
-0.5052284264306318
-0.5052284264306318
-0.5028885232402499
-0.5036871019282737
-0.5051813665477464
-0.5030140247733099
-0.5033932296391121
-0.5033932296391121
-0.5041827057393042
-0.5040687765606027
-0.5031863285960739
-0.505059269894151
-0.5052273349864173
-0.5052273349864173
-0.5054006634721904
-0.5069197152193344
-0.5048240758806546
-0.5044476001608517
-0.5047598190959552
-0.5046781732456982
-0.5041024529982212
-0.5047891786481786
-0.5053544018137035
-0.5050462750819658
-0.5048142220380879
-0.5058279789202582
-0.5050908989058736
-0.5100940312921931
-0.506392008581703
-0.5063824947422352
-0.5063824947422352
-0.5067529742308571
-0.5065097339381758
-0.5055896676590301
-0.5052075116695592
-0.5072875210614808
-0.5056663547810296
-0.5078262825398809
-0.507446543388119
-0.5059152687513487
-0.5061285316705446
-0.5068840309912183
-0.5068840309912183
-0.5069655909800719
-0.5067533247987316
-0.5080208341293323
-0.5080208341293323
-0.5057045793008671
-0.5084026255767834
-0.5070400457183634
-0.4941227484945011
-0.5073234010248581
-0.506600136754327
-0.5075120238982195
-0.4929608378093666
-0.4929608378093666
-0.5073186974445464
-0.506868189409431
-0.506868189409431
-0.49936511018808993
-0.5066471703927057
-0.5086767812724576
-0.5072668715646665
-0.4997768056523768
-0.5071466334790053
-0.49246445370872916
-0.49246445370872916
-0.5064900950136962
-0.5070689713863478
-0.5065886503537846
-0.5073343139320188
-0.5046108623963945
-0.5077030515894331
-0.5066530058803504
-0.4950963104841842
-0.5075228423780638
-0.5075228423780638
-0.5066404326425343
-0.5044308116160787
-0.507450678355901
-0.4927663416898418
-0.508515822904468
-0.5067535873890767
-0.49473597501092065
-0.5042470193923732
-0.5012813380239485
-0.5063230986458769
-0.5054950625814654
-0.5054950625814654
-0.5072673827057996
-0.5031968150538415
-0.5067849418385576
-0.4961764800676894
-0.5058388449592701
-0.49355124846524523
-0.5041344636757202
-0.5026271880062314
-0.505264476902755
-0.5052498227017154
-0.5027453935470569
-0.4998380477454608
-0.5064529682467661
-0.5101769246115961
-0.5067383233050986
-0.5005697042787257
-0.4972538097481259
-0.5069274350776839
-0.5100729273837232
-0.49366771970426654
-0.5071996858757566
-0.49631133020865315
-0.49750506005726847
-0.49686942350048646
-0.4936771719481668
-0.5031287514890775
-0.4981679023875145
-0.49787907995467034
-0.5027656444066542
-0.497415165501322
-0.49478335617307373
-0.502071402249516
-0.49369705646297163
-0.49645906851071103
-0.49821408177489135
-0.4975049841930815
-0.5057588488939004
-0.5020409635584058
-0.5020409635584058
-0.500749411575711
-0.49563234626595254
-0.5055526815637955
-0.49797468766060027
-0.49519007101456586
-0.49519007101456586
-0.5013225566421842
-0.5013225566421842
-0.5019095203272061
-0.5019095203272061
-0.5054386868822298
-0.5000643422197791
-0.5000643422197791
-0.5059946881509748
-0.4967392625370117
-0.4945533912313609
-0.512311320458524
-0.4963433454009584
-0.4963433454009584
-0.49498439565372865
-0.5014176305658289
-0.4956579124518871
-0.5060249620351727
-0.4977954012928637
-0.4977954012928637
-0.4969418235254919
-0.49469145467761233
-0.48180480109075124
-0.5072908687211106
-0.5072908687211106
-0.4984818399466077
-0.4947900825571795
-0.5142777868994293
-0.49644262999829886
-0.49541032146403535
-0.5004389852925668
-0.5004389852925668
-0.49567723866266933
-0.49524862702423983
-0.49524558903036353
-0.4978323966067578
-0.49729553918231273
-0.4984650311811211
-0.49814939407833303
-0.49814939407833303
-0.4946286864213013
-0.5003046373340343
-0.5003046373340343
-0.49508577153342015
-0.5096484967219078
-0.4920255366752052
-0.49628505545461526
-0.498673961370067
-0.49503706748395404
-0.4936887323474789
-0.49982626962525173
-0.500559232243256
-0.4968799280197448
-0.49487773372159627
-0.4948942008091048
-0.4952940602005589
-0.49802130792489857
-0.4945838120834075
-0.4945838120834075
-0.49552045408594975
-0.4947866279663114
-0.49621647999616947
-0.4948103384938488
-0.49394835384140534
-0.4942570254722249
-0.4942570254722249
-0.49565796152918196
-0.496056789531222
-0.49453279751426993
-0.4945633107169454
-0.4953156346858093
-0.4966423545648145
-0.4966423545648145
-0.4951454552082172
-0.4945787584593217
-0.49504498819708626
-0.4961163704294667
-0.4968654080729169
-0.4952063803806521
-0.49438707815793576
-0.4949730492070086
-0.4949730492070086
-0.49435055596647026
-0.49355627794569085
-0.49530697105699306
-0.4960368200150476
-0.4949983051116258
-0.4949983051116258
-0.49545258067885367
-0.49545258067885367
-0.4961509026985097
-0.49527968964651886
-0.49527968964651886
-0.49487527115378777
-0.49612169923485755
-0.49564193638306353
-0.4964399546331456
-0.49593036447643146
-0.4968913808921951
-0.4961324337206103
-0.49613935532010667
-0.49613935532010667
-0.49523622017255947
-0.494432583909374
-0.49668553463826387
-0.49519276765816367
-0.4955820462724534
-0.4955820462724534
-0.4950138801333808
-0.4959185656930213
-0.4959185656930213
-0.49464402927612744
-0.4940205981469474
-0.4955228003762628
-0.49618783722375276
-0.4947846742861919
-0.4959971556138468
-0.4956429301639026
-0.4963410217906879
-0.4952175092986007
-0.4962628892181907
-0.4944349312767681
-0.4954841271045909
-0.49513140577704273
-0.4960813619858931
-0.49770097511022693
-0.4932268674827596
-0.49836657616021995
-0.49836657616021995
-0.495276855008507
-0.49645850864533103
-0.5090329852684139
-0.4942088005869349
-0.495747823852499
-0.4955043568896743
-0.4976182029104798
-0.4959366862091905
-0.49581574649127275
-0.4994402728201898
-0.4944360934922769
-0.49835426806872746
-0.49835426806872746
-0.49465948138593396
-0.4966004863788595
-0.49406494847097737
-0.49616498567783657
-0.49520421261436126
-0.4952468656656683
-0.4954517306668912
-0.49659837194611184
-0.49766374707815547
-0.49619031091864196
-0.4957025807178875
-0.4957025807178875
-0.4940861103119872
-0.49638650165145276
-0.49703993935506374
-0.4985275456173583
-0.4972595222165634
-0.496903439818524
-0.4983357229710001
-0.4941150352945395
-0.49746809922028434
-0.4962357659593313
-0.4971342516115226
-0.497475518624959
-0.497475518624959
-0.49722301792577106
-0.49651333535016995
-0.4972660116470482
-0.4981450286429849
-0.49756149567701813
-0.49756149567701813
-0.4974921947761839
-0.4974921947761839
-0.4974247121000963
-0.49526055095237487
-0.4942270019305994
-0.4967092997405404
-0.4934957115316173
-0.4962866616038937
-0.5059339088934807
-0.5080668996134443
-0.49416229309271087
-0.5073445983059549
-0.49707661308914947
-0.4983373254622775
-0.4976400643832141
-0.4976400643832141
-0.498677950572981
-0.4946365877142499
-0.495939699211878
-0.4975323939799702
-0.4931663731075003
-0.4963077823998526
-0.4989775143142667
-0.4939988281698601
-0.4939988281698601
-0.4967712201356497
-0.4993262376128082
-0.4983952111743866
-0.4968136242358583
-0.4972251799724674
-0.4988576472726687
-0.5067708761247938
-0.49886027342243117
-0.5025147893006283
-0.49682681173563653
-0.4996105516798241
-0.4996105516798241
-0.4995564320872326
-0.5063727517202549
-0.4967978902633417
-0.49943685858530495
-0.5021693929098435
-0.5021693929098435
-0.5021693929098435
-0.49688185522526307
-0.4983713546556931
-0.5020713249001025
-0.5020713249001025
-0.4969084647711854
-0.5079313172382242
-0.5005948173229686
-0.4969867863567467
-0.4969725888034512
-0.4974714536467065
-0.49366608396795686
-0.5071429619567854
-0.4936435621199147
-0.5000401137422621
-0.5046702516180871
-0.5062861586879582
-0.5011273065698213
-0.49438709187809415
-0.49899210244837044
-0.49995884349963393
-0.4999114633384819
-0.5043661204241041
-0.5020854546352908
-0.5005081026252847
-0.4963270193744753
-0.501018285818467
-0.4953046863357538
-0.5001318554109158
-0.494089241147887
-0.5042577743000658
-0.49898904750367307
-0.4994825051690457
-0.5046394455016792
-0.49920846601281627
-0.5003957265942452
-0.5067413368678808
-0.5001865082623952
-0.4976780243629867
-0.5015702994530755
-0.5066566774404239
-0.5002484919227037
-0.5030318032999925
-0.5030318032999925
-0.5022775643772799
-0.49803563896533193
-0.49821494531754146
-0.5012524119838222
-0.5001112363515451
-0.5063434712089785
-0.5007351362206041
-0.5006341153350984
-0.5008812988944731
-0.4978115682214244
-0.5073852903513583
-0.5015441484739309
-0.4984133458606996
-0.5064807070526881
-0.5070077859434206
-0.5061323378814122
-0.5032330801061694
-0.5044900239564133
-0.5024149897276143
-0.4980649930983404
-0.5006062630913195
-0.504286732048277
-0.5026365256423365
-0.4986474620906085
-0.5007738275364793
-0.49515763780042577
-0.5056084031012206
-0.5021459175211133
-0.5088479497296972
-0.4988039886618277
-0.4999434229851706
-0.4999434229851706
-0.4988112572073006
-0.4988112572073006
-0.5096293811343039
-0.5096293811343039
-0.4986948222652617
-0.4990864960620296
-0.49867366141589553
-0.49889193097939744
-0.49868889394478005
-0.5063956470619182
-0.4965058032109093
-0.4989894566471992
-0.5072269900138012
-0.5085564444637809
-0.5073282120193056
-0.5096746164320821
-0.5125413288684817
-0.49609817963202646
-0.49609817963202646
-0.49895468340836074
-0.5091907920217618
-0.5076570533149912
-0.5084523566062211
-0.5120845106455262
-0.49994361998033676
-0.5000128307001352
-0.4974214916503124
-0.5004958601234925
-0.49817450083002063
-0.5010957037098231
-0.5020584864903973
-0.5104352701031364
-0.5098777357244676
-0.49952399518481566
-0.502071092657905
-0.5081515345770139
-0.5132235994193252
-0.5132235994193252
-0.5083001829504493
-0.5086496946688794
-0.4978269019508173
-0.5003691756032836
-0.5114149943677148
-0.500435752982086
-0.49857689555545176
-0.5015620968409045
-0.5015620968409045
-0.5015620968409045
-0.49874950647513283
-0.5015258938720333
-0.4992229664451989
-0.5109314747907678
-0.5121822657042684
-0.5087533823577524
-0.5032395839904926
-0.5028728882519906
-0.5011711228331184
-0.5119840881381441
-0.5096084418493487
-0.5096084418493487
-0.5099914178279679
-0.5012742264401568
-0.5099908160154235
-0.5023652341349152
-0.5031975209186093
-0.5026927479907844
-0.502681003349078
-0.5032902419738398
-0.5016846468783118
-0.5012549237620273
-0.5012549237620273
-0.5016875384955226
-0.5034651096686106
-0.5016200953782973
-0.5028324292552222
-0.503148755620095
-0.5035495216565822
-0.5014213912471817
-0.5041708340376848
-0.5021225119389437
-0.5017576459869022
-0.5017641735235683
-0.5012781357766614
-0.5019390162198519
-0.5019390162198519
-0.5009150647548525
-0.46348658910319646
-0.5009167472748757
-0.5005730947954583
-0.5010526554327039
-0.5012678285623133
-0.5004929348604404
-0.5010778888504047
-0.5014069136890691
-0.5013370925849029
-0.5013370925849029
-0.500999021495057
-0.5014957069277367
-0.5015925480571988
-0.50063095671057
-0.5016428458584331
-0.501182816824444
-0.5015940271630895
-0.5006717188949964
-0.5018101266577645
-0.5013973601003228
-0.5016541724112956
-0.5021609492148381
-0.5013650435661593
-0.5018585715330814
-0.502046292341718
-0.5022691777032554
-0.5017830179011027
-0.5022055067269854
-0.5022055067269854
-0.5020697583053088
-0.5016014249263753
-0.5016014249263753
-0.501938592071832
-0.5017647611448984
-0.5029295237009138
-0.5015264728424641
-0.5023100702089704
-0.5020054310378161
-0.5029442227676791
-0.5025123544449377
-0.5033289115106652
-0.5021562428863167
-0.5024342871869565
-0.5010226527064695
-0.5023552644101705
-0.503739428209592
-0.5028589345791699
-0.5028589345791699
-0.48819714175285817
-0.5033420833758118
-0.5040646204984046
-0.5045372257263219
-0.5032582764946396
-0.5044083299580568
-0.5020754905480507
-0.502496681157957
-0.5041551982390067
-0.5035952143275086
-0.5047590658579267
-0.503636146763653
-0.5046613882329463
-0.5030123102574848
-0.5046099047523288
-0.5043996794750361
-0.5049677775029985
-0.5049677775029985
-0.504024493556201
-0.5046599790763213
-0.503351034917389
-0.5040167964343911
-0.5032724741321394
-0.5038341654421534
-0.5040910981770808
-0.5042657326700415
-0.5051246215993674
-0.503868685507712
-0.5048821144242824
-0.504762869128677
-0.5045204735832299
-0.5055584713839095
-0.5056299477059614
-0.5045683902688963
-0.5056299033033399
-0.5052762450360978
-0.5052762450360978
-0.5053221989768532
-0.5053221989768532
-0.5052741982779344
-0.5055641606918084
-0.5049120107899815
-0.5055600667796747
-0.5055521979791303
-0.5047287921597503
-0.5046769815075269
-0.5054460367426741
-0.5043554949116981
-0.5053450856552014
-0.5053450856552014
-0.5053450856552014
-0.5061307914414612
-0.5061307914414612
-0.5062009799717933
-0.5053513232663206
-0.5053562708664655
-0.5057526887717557
-0.5049778857518515
-0.5055179152520766
-0.5059254271658479
-0.5065005010365703
-0.5065005010365703
-0.5047069372929127
-0.5063814192325894
-0.506051016751598
-0.5056678049913097
-0.5058961499315416
-0.5058961499315416
-0.505856772718915
-0.5065996352431353
-0.5072767985708929
-0.5062091366048835
-0.5050234586930367
-0.5050234586930367
-0.5060859337096473
-0.5072749165074145
-0.5064541142252255
-0.5064820455408741
-0.5091828747001906
-0.505852595445915
-0.505852595445915
-0.5073547285679213
-0.5074224813429462
-0.5061269820215334
-0.5049526898216111
-0.5073579345531933
-0.5067692312214009
-0.5062046893035143
-0.5071396021700024
-0.5069007538585667
-0.5019140280191516
-0.5057730550276176
-0.505538643957768
-0.5022873571930164
-0.5069308358259269
-0.5069308358259269
-0.50042164650446
-0.50042164650446
-0.507569950785931
-0.5010510563365491
-0.5002281173115448
-0.5002033241303572
-0.5007165461394277
-0.5007165461394277
-0.5064093340212602
-0.5070788132809165
-0.5036927851027179
-0.5036927851027179
-0.5073719521084902
-0.5066458393706338
-0.5074086148042725
-0.49853706748015353
-0.5002885049360614
-0.5002885049360614
-0.5070895293683235
-0.5059595412027733
-0.5053653474228712
-0.5021732526111006
-0.5067451507722379
-0.5017847515513287
-0.5017847515513287
-0.5063411458967932
-0.5074439632409462
-0.5060715130049148
-0.49972086097583984
-0.504267979441306
-0.504267979441306
-0.5009730407489521
-0.5064295219378213
-0.4797838278792035
-0.5073858307259175
-0.5045139299120223
-0.5076121122451654
-0.5071686955271986
-0.5068491369540327
-0.5080580465936023
-0.5037408810941164
-0.5059646068898688
-0.5068196084927785
-0.5072815259838741
-0.5005237054857943
-0.5842837292850046
-0.5056067191377498
-0.5050316684945884
-0.5072903737760603
-0.5080478641828385
-0.5072881514603215
-0.5072881514603215
-0.5077869342822482
-0.5074446801402801
-0.5251271657605349
-0.5008044330066997
-0.5052730277569595
-0.5048146071575765
-0.5046808243773658
-0.5079458115810611
-0.5059624824120356
-0.5068689685827155
-0.5046431284070921
-0.5075695761348665
-0.5043114822350602
-0.5059946809009287
-0.5029642075278182
-0.5058334837015571
-0.503566036927063
-0.5037527699458808
-0.5025344927246342
-0.5025344927246342
-0.5040989333179495
-0.5042916036091057
-0.5044540100070707
-0.5053486617983289
-0.5071769401785857
-0.5056310486170146
-0.5051992664018269
-0.5000251851984333
-0.5000251851984333
-0.5062365126159505
-0.5072027137491207
-0.5056948023463324
-0.5072646166084154
-0.5000302427152492
-0.5068605894301147
-0.5068605894301147
-0.5070933919052747
-0.5082513848650151
-0.5035303431420388
-0.5063208621601177
-0.5000929742045536
-0.5074313879240229
-0.5074313879240229
-0.601565380055015
-0.5050217776496515
-0.5056288716979923
-0.5056288716979923
-0.5032819891869801
-0.5023988169606385
-0.5023988169606385
-0.5067968868375151
-0.5071576273286623
-0.5040864517121065
-0.5065325945152692
-0.5058869132682832
-0.5041795381606108
-0.5059788672410329
-0.5064888986828444
-0.5064888986828444
-0.5072256759523731
-0.5067983074490521
-0.5067983074490521
-0.5063005255152476
-0.506217234652528
-0.506217234652528
-0.5048229729303231
-0.5084170124894277
-0.5028659195175509
-0.5079270793081844
-0.504746619688696
-0.5044409045025096
-0.5080263220775944
-0.5054739091557572
-0.5054958413618221
-0.5011344216379334
-0.5061874304369309
-0.5051870473438755
-0.5066200826421828
-0.5005324907265322
-0.5062077513785991
-0.5047301331332524
-0.5070854392773342
-0.5066521483349217
-0.5043832764000752
-0.5043832764000752
-0.5040809129548657
-0.5040809129548657
-0.505100468439078
-0.505100468439078
-0.5073198557754276
-0.5073198557754276
-0.5057918055104607
-0.510570854059509
-0.506578658553049
-0.5052755881779951
-0.5052755881779951
-0.5058948342376778
-0.5053071035531128
-0.5048176037725175
-0.5039326510393813
-0.5090629116437232
-0.5017625246288776
-0.5054194024782097
-0.5054101853302453
-0.5054101853302453
-0.5060595947100892
-0.5043420948827968
-0.5064471197082878
-0.5064471197082878
-0.5073598551678404
-0.5058793414452925
-0.5062499381982705
-0.5062499381982705
-0.5060315632377614
-0.5056885477683821
-0.5056885477683821
-0.5061502089275096
-0.5019733662971821
-0.5074881321464572
-0.5056223176993243
-0.5056223176993243
-0.5065032421783878
-0.505501222560536
-0.5057471897213555
-0.5065094291876974
-0.5061664568577169
-0.5057992161453022
-0.5057992161453022
-0.5061202127936019
-0.5053280643680899
-0.503580531597591
-0.5056956038841648
-0.5060882728678444
-0.5052125132770386
-0.5064042690534266
-0.5064042690534266
-0.507581820475942
-0.5061987399609894
-0.5059140682921752
-0.5057240305575489
-0.5062098815499932
-0.5061522024090955
-0.5063594083058388
-0.5063594083058388
-0.5060807979139245
-0.5056678449475769
-0.5033085936435645
-0.5068988581514849
-0.5057334708215133
-0.5062579288547081
-0.5043694625285097
-0.5063925670403419
-0.5063925670403419
-0.5059653521792548
-0.5078427006689938
-0.5051181974250325
-0.5070103183901605
-0.5070103183901605
-0.505881335643534
-0.505881335643534
-0.5081294240232771
-0.5078197288547065
-0.5062110706914683
-0.5055934235286448
-0.5061497565704752
-0.5043196857484958
-0.5072838248799332
-0.507745171669683
-0.5065135400595138
-0.506349692403079
-0.5059560432964593
-0.50626897475823
-0.5056893780905171
-0.5082103280196473
-0.5082103280196473
-0.5052480027131993
-0.5076779388086038
-0.5069846906319317
-0.5060115164740818
-0.5059076012450344
-0.5059076012450344
-0.5054346838639157
-0.5113307795267497
-0.5064643740559897
-0.5075131146560432
-0.5065195233162084
-0.5058551310178836
-0.5073610548799039
-0.5069584856109991
-0.5085906926740573
-0.5105521255916422
-0.5084186402103499
-0.5060362502822942
-0.5062485602782756
-0.5058994564282995
-0.506095890911506
-0.5083492668874071
-0.5060145927951604
-0.5089980633379866
-0.5089980633379866
-0.5089874784991479
-0.5050976364637394
-0.5062924542177086
-0.5048272084333922
-0.5066674969284001
-0.5111248290284623
-0.5071276067551351
-0.5082160763491499
-0.5082160763491499
-0.5068486431058513
-0.505687522624332
-0.5083648018066604
-0.5116262604201388
-0.5070796123684362
-0.5075169504731566
-0.5086410287611813
-0.5114488600258003
-0.5058999091308211
-0.5071157863634026
-0.5102827966983638
-0.5058150404576334
-0.5095691497240663
-0.5089757905881555
-0.5062830150505309
-0.5096005594153987
-0.5061996817899352
-0.5074092780128313
-0.5090154071350146
-0.507064572229529
-0.5088072747342267
-0.5088072747342267
-0.5063660550715722
-0.5118688583287536
-0.5076756547553619
-0.5118700174254175
-0.5062719757686535
-0.510072962955208
-0.5098432312903756
-0.510703181766747
-0.5089481402084803
-0.507382974654553
-0.5082956553411169
-0.507334510272744
-0.5094840617106247
-0.506841653506096
-0.5079293923861958
-0.5078096669085149
-0.5092416710205834
-0.5065185777898852
-0.5103748553494353
-0.5096074777470491
-0.5096074777470491
-0.5086599486432569
-0.5074435923445686
-0.5112121335212825
-0.5087636744542562
-0.5067868851904145
-0.5088775552927248
-0.5091815412979187
-0.5071557169477826
-0.5071557169477826
-0.5075762788415819
-0.5094335027226583
-0.5115724758276563
-0.496479706661574
-0.5105279112099189
-0.5083082351170164
-0.507233118995328
-0.507233118995328
-0.507714816280908
-0.509909998073503
-0.5076842744868866
-0.508917856665397
-0.5086689902381824
-0.5102143451550338
-0.5091900923650003
-0.5076403697005332
-0.5098687151427139
-0.5075900105161708
-0.5075900105161708
-0.5072721666500115
-0.5095519291285171
-0.507860519815332
-0.5120205532097502
-0.5099480950929753
-0.507431685543246
-0.5100432765427434
-0.5100432765427434
-0.5091336032436025
-0.508104492801424
-0.5109066425527191
-0.510198800939703
-0.5122418208543346
-0.5093573438798037
-0.5093573438798037
-0.5095062191134295
-0.5086481523356043
-0.5095966425823295
-0.5079491493293654
-0.5116524394536708
-0.5096613712245637
-0.5085731746181884
-0.5104965148110889
-0.5074806335402904
-0.5101554623272181
-0.5097873290043561
-0.5114199050419441
-0.5100358924336436
-0.5115235161537891
-0.5073936311926979
-0.5073936311926979
-0.5106397891097969
-0.5097801779482274
-0.5082563842468253
-0.5114178207520509
-0.5106896518918149
-0.5095719814803689
-0.5090659873337281
-0.5094492812522973
-0.5108756504760033
-0.5119949792431705
-0.510719417948802
-0.512465953457491
-0.512465953457491
-0.5102586578647726
-0.5101337825453824
-0.5128631251433401
-0.5134884170599012
-0.5106643206984953
-0.5115708278688
-0.5103668282841137
-0.512118210201648
-0.5115540919738202
-0.5115540919738202
-0.507944855884595
-0.5086655819472775
-0.5129768664826647
-0.5107426570936212
-0.5128177376085647
-0.5099827836114189
-0.5125974649270779
-0.5160635756647767
-0.5103915038531593
-0.5109163534065126
-0.5109163534065126
-0.5241754276952864
-0.512486603642085
-0.5158107450307741
-0.5158107450307741
-0.5102633237757714
-0.5118829101405126
-0.5108655390639595
-0.5109715924767441
-0.5126805217022583
-0.5128158484272194
-0.5111388872582463
-0.5132235619881805
-0.5085791408731917
-0.512012717904417
-0.512012717904417
-0.5131772559736691
-0.5124454970268273
-0.5119307500597347
-0.5121875256155094
-0.5137113544422371
-0.5118422646646799
-0.5121080275802149
-0.5154345444889799
-0.5134376128665661
-0.5126739114926281
-0.5083539534080279
-0.5092578940172262
-0.5092578940172262
-0.5130058969829017
-0.509295195299289
-0.509295195299289
-0.5134777719713844
-0.5126813165529268
-0.5122667638414408
-0.5130678715596214
-0.5280849466193153
-0.521244401862947
-0.5132341797469764
-0.5636778637587423
-0.5236737015485018
-0.5132187476337334
-0.5132187476337334
-0.5135381701479445
-0.5200261685652395
-0.5131227438050511
-0.5145296238146961
-0.5276545683869276
-0.5132937154182916
-0.5170892964475389
-0.5135530067393813
-0.5196577878977224
-0.4941839084084176
-0.5132702650369041
-0.5055713345734915
-0.5154283341750532
-0.5200942368013268
-0.5200942368013268
-0.5095934205411778
-0.5298963240475572
-0.5160333900875191
-0.5170215228925268
-0.516235024102811
-0.5148933830326536
-0.5148933830326536
-0.5097519754851544
-0.5157385324109585
-0.5156010744507598
-0.517906981013326
-0.5106594386024266
-0.5208918110230432
-0.5208918110230432
-0.5198339813875681
-0.5171599051333354
-0.5230103558324445
-0.5145400360299113
-0.510432813279933
-0.5180703470716098
-0.5105071050086425
-0.5101868065227335
-0.5102427913902371
-0.5194369725632937
-0.5168836404346847
-0.5168836404346847
-0.5213465500197663
-0.5213465500197663
-0.5104540721530915
-0.5179519668640362
-0.5215210747501647
-0.5189128833505606
-0.5189128833505606
-0.5200373241840544
-0.5196061834694843
