0.07013563939423087
0.051774835245045205
0.0515283655493573
0.050718429990963196
0.05155134592355922
0.05056322354570613
0.05047274460585695
0.04991886143893679
0.0498872694696128
0.0491546507142105
0.049517090551763364
0.049517090551763364
0.04974558206818745
0.049099552112642296
0.04806863653639912
0.04830320557104252
0.04800562846486372
0.04767457494361534
0.047610422144316114
0.04813827832855356
0.04729576113003872
0.04631997321034391
0.04702350499296246
0.04702350499296246
0.04621928853235631
0.04636382151812582
0.04647343051412986
0.04595095687320044
0.045545329463435216
0.04608578605040248
0.045937211310079336
0.045294809031499614
0.04683041648765401
0.04492998745717991
0.04610804333135143
0.04588588355680667
0.043882444410995286
0.044053788245880784
0.04343797133436975
0.04536974134349519
0.04536974134349519
0.04357023719474746
0.04413369049997948
0.04420728844384682
0.04440605314353969
0.0432593708329413
0.04272252406580805
0.042425486660471357
0.04358759152208727
0.043034317310812614
0.041538091933110505
0.04151473853142065
0.042758952065491185
0.04224435109392345
0.03311660252783361
0.04152485908064399
0.040033151716341295
0.04145210546264131
0.041549780476950425
0.04082526475795967
0.041683553013661265
0.04140373328517955
0.0413551541551412
0.040478771374422774
0.04107437159629149
0.04084200258859246
0.0406787283507987
0.03991105583075329
0.0399721643788235
0.04030188999353491
0.039959541719406216
0.039557743564058855
0.039557743564058855
0.039507224522986745
0.03960648882508972
0.03959321713237953
0.039140368493884393
0.0392449254571866
0.039140914649390166
0.039140914649390166
0.03854394163570543
0.038272635613947364
0.03832102777665583
0.03818489419630982
0.037763191855570144
0.037763191855570144
0.03778925697276627
0.03750773086290579
0.037236552292097165
0.036370940796510695
0.03616053734009232
0.03616053734009232
0.03603844754209045
0.036008420332249054
0.03570039704504028
0.035715770050466604
0.03545644005086375
0.03544078305190872
0.034930653147705555
0.0347196340235075
0.03475125412355574
0.0345648462719813
0.03397488111199344
0.03394444782481516
0.03348737637889357
0.03203572624590901
0.03180313697000196
0.031731427840136106
0.031731427840136106
0.0315871419245136
0.03153356521717667
0.03144249951505145
0.030766649803164646
0.030649480437698717
0.03028256099703674
0.02986231740506738
0.029843683369380727
0.02962400404245845
0.029355590244546613
0.029154779294776927
0.029154779294776927
0.02917329199833091
0.02809804962876307
0.027492126942183014
0.027492126942183014
0.027139935390556903
0.027234035784505232
0.026730098994842497
0.025589075901628247
0.026324973890825967
0.02623127109401828
0.02596176172577776
0.02438147386402713
0.02438147386402713
0.025408725849144994
0.024793246723843095
0.024793246723843095
0.0239828690005504
0.024572026598441325
0.024606706038723038
0.024569189334761966
0.023878553065902444
0.02423743573448159
0.023231105909336306
0.023231105909336306
0.024164359627489352
0.023861652436100247
0.02365917211775546
0.023643773360812394
0.023287360027408048
0.02336304272591239
0.023044858278892542
0.022086150167187926
0.022588954377156294
0.022588954377156294
0.022450833557434723
0.022278053625882564
0.022464880866158624
0.021530790692926346
0.022416587039054272
0.022007717145675277
0.021068172552421206
0.02047208770795073
0.020148135010932565
0.020276091444315705
0.020173827120742005
0.020173827120742005
0.020105389637532174
0.019665845177863142
0.019979958854098853
0.019034874091895127
0.019379574210557415
0.018397021031014673
0.0188373904950392
0.01881176249950611
0.018952661033057965
0.018741286402350364
0.018444143757672844
0.018177514868756354
0.018615138519184653
0.018770737346196047
0.018349890276059107
0.01790160527809115
0.017698206187066058
0.018224274491186125
0.019036701733756243
0.017611004191608694
0.018159604013358165
0.017344222618129297
0.01725754183096529
0.017158028294814453
0.017238521470518135
0.01748039286691511
0.01702216223047298
0.016963554144364727
0.0171307338337882
0.016739430592675315
0.016605432820444493
0.016931557812508928
0.016640537315972818
0.016391808161740296
0.016469854137731714
0.016376886274081424
0.01664483272212504
0.016237584442219278
0.016237584442219278
0.016108851812866875
0.015818834808767588
0.016376727866910634
0.01578971276490582
0.015446115491800536
0.015446115491800536
0.015599297133693764
0.015599297133693764
0.015547842227114493
0.015547842227114493
0.015673256583753056
0.015295098057511626
0.015295098057511626
0.015632420090063482
0.015071654352708875
0.014905630580130315
0.016652890666702187
0.014744343505735086
0.014744343505735086
0.014613250731566274
0.014650890087098295
0.01433559057420469
0.0147597345789193
0.014127251214272673
0.014127251214272673
0.01402287326211419
0.013876846090326
0.01228634771092952
0.014358768300410113
0.014358768300410113
0.013788648513130247
0.013565992273968484
0.015164869472796194
0.013352748704926889
0.01316330366134947
0.013370517738324454
0.013370517738324454
0.013111295140955386
0.013275105888901908
0.013096495982105874
0.01310034917889339
0.01298892785156934
0.012855306966292914
0.012764709271108388
0.012764709271108388
0.012935046856630892
0.012854575713921767
0.012854575713921767
0.012647747265597403
0.013181903528174896
0.013518571818212638
0.012449573314125432
0.012513701484540873
0.01246886044171891
0.012163615562522974
0.012219130872054302
0.01219581155234076
0.011992842791956303
0.012227792399820416
0.012005254409138239
0.011671821117691614
0.011369926298642872
0.011195356939633187
0.011195356939633187
0.011177415139418464
0.010737085257105605
0.010705250911841584
0.010897967069963087
0.010609951397865783
0.010411914543312561
0.010411914543312561
0.01069292463520523
0.010270607860111032
0.010368911911182992
0.010181667033144205
0.010143741164626987
0.010067990373288262
0.010067990373288262
0.009881628180501012
0.009691757999512645
0.009661548459287277
0.009973226923759945
0.009557223681615747
0.009452907198170024
0.00961266972552007
0.009399679117583345
0.009399679117583345
0.009408843535500182
0.009530376241837673
0.00932664577139445
0.009069653934307458
0.008985091444356929
0.008985091444356929
0.00891606586744513
0.00891606586744513
0.008821056526138429
0.008748687138812654
0.008748687138812654
0.008687012388165462
0.00852836189793744
0.008326750782527205
0.008209707742355575
0.008021335043093193
0.008015105773459421
0.007896400083214562
0.007848594813932396
0.007848594813932396
0.007798758255922548
0.007677300472092846
0.007538688860514745
0.007511838455023555
0.007408216235456434
0.007408216235456434
0.007318774649977807
0.007304937055569491
0.007304937055569491
0.007329455837797539
0.00733263317475958
0.007224367715245156
0.0071364220807859065
0.007131883871023284
0.007061109046888441
0.007070361527265907
0.006947387093266325
0.006781325989409717
0.006653841273894437
0.006697852904166181
0.0064730147914217806
0.006374967681695402
0.006332883716683011
0.006384136451663828
0.006426023648559661
0.006348415681427538
0.006348415681427538
0.0062556018490196475
0.006212766105411329
0.006428864942688075
0.006060150865590828
0.0061059051867732445
0.00584611613196213
0.006086279423005218
0.006023294669670404
0.005451971432144345
0.005465916313051157
0.005509567151656448
0.005359859758636615
0.005359859758636615
0.005238060686782145
0.0052179570809121585
0.00525879660011546
0.005445336458274575
0.005286781460217397
0.0050496379839692395
0.0052254851475478006
0.004903140982934094
0.004828269836453305
0.004771858495639393
0.004662590806924628
0.004662590806924628
0.004766299538826915
0.004533925710114769
0.004483709420661539
0.004569766196961056
0.004437705891133383
0.004344955265513402
0.004401641802529739
0.0043985575445899105
0.0042101501979810154
0.004473377184784423
0.004443386522156021
0.003984745040056617
0.003984745040056617
0.003918987418010402
0.0037666596887849764
0.00353575672438918
0.0036166258842419393
0.0034930619756387395
0.0034930619756387395
0.003378250626171254
0.003378250626171254
0.0032970252956582556
0.0034923155865892682
0.0034789430225753326
0.0032286842684790774
0.00322530785187586
0.0033607861288321933
0.003345474846893889
0.003466146348889475
0.003180685946399169
0.003353115847354766
0.0032444926193915184
0.0027775032805162233
0.0026116117239268627
0.0026116117239268627
0.0025250448815203066
0.0025187025080816044
0.002490913012045728
0.0026794583588952503
0.0024906417556780245
0.0023425671331165055
0.001913563310144844
0.002127003836160848
0.002127003836160848
0.002020380092768559
0.001643349314199325
0.001278887717573544
0.0017872321308949669
0.0019282700333411458
0.0014428169375915176
0.0014451005956229261
0.0010473841319972796
0.001092876610980642
0.0013298170661044163
0.0009327936984205412
0.0009327936984205412
0.0007753053308551736
0.001128143507774725
0.001057454293643287
0.0008329737325177175
0.0008731257128357228
0.0008731257128357228
0.0008731257128357228
0.0009387362047302142
0.0004952363854343561
0.0006449517705800323
0.0006449517705800323
0.0007816977527254019
0.0006086084715272458
0.00037706283292492055
0.00038251958824237495
0.00045565679819239464
0.0002910579250710261
3.921405940346712e-05
0.0001844384386264693
-0.00013423998070867033
-0.00029108893983542016
-3.846867368218722e-05
-5.35783022620318e-05
-0.00026738589791182354
-0.00045794430938802405
-0.0004845874199563726
-0.0005571556890589778
-0.0004818277484678209
-0.00038139764582352547
-0.0004493532583989947
-0.0005508427770066837
-0.0006372549333437676
-0.0007152004279862268
-0.00044861121473050873
-0.0005416521694665923
-0.0007596169441774304
-0.0007443639202933812
-0.000898613026079379
-0.0012007879894775325
-0.0010028354468337131
-0.001289863420910622
-0.0013482788279529216
-0.0010898194026436013
-0.0014551995565291378
-0.0012968308813178311
-0.0017335787487108114
-0.0015398949269862816
-0.0019857494228286273
-0.0019069750812283296
-0.0019069750812283296
-0.001930436107535302
-0.0017804846320974438
-0.0017008389218885775
-0.0023510461120427916
-0.0024536790784336665
-0.0022879907889772617
-0.0026245006613396437
-0.002380860455529131
-0.0026428957781950424
-0.0025097541692754486
-0.0025645422740952152
-0.0028097756229080234
-0.0025751804840403766
-0.002799800043482277
-0.0027995179917971306
-0.0029174545078818792
-0.0030772114079693057
-0.003050793563129115
-0.003148647375002637
-0.00302593727020434
-0.0033506184931860433
-0.003307796526502997
-0.0034431523920195163
-0.003276065247366419
-0.003386853126535673
-0.003614787163281587
-0.00351076175415891
-0.0037930427150352905
-0.004387118662111136
-0.00358684122153937
-0.0037344009475274343
-0.0037344009475274343
-0.0036743627183098743
-0.0036743627183098743
-0.004747170757653897
-0.004747170757653897
-0.00425113922482883
-0.004441972038470334
-0.00482851487081574
-0.004784240428526713
-0.004974513641468964
-0.005369224069824149
-0.005518314291897033
-0.005454523750331958
-0.005786800716987089
-0.006545438255263881
-0.005853969889979257
-0.006248176533303276
-0.007123581578786326
-0.0065365788397618
-0.0065365788397618
-0.006402868556193804
-0.006690264427639751
-0.006897916589694511
-0.006940046995322186
-0.007862080360327147
-0.006919045524111636
-0.007181088547756922
-0.007607373863539003
-0.007281248440324093
-0.007745760925955804
-0.0074558066204816874
-0.008016157355822345
-0.008954555402654562
-0.008251331210786372
-0.008082090811828183
-0.008442876192160517
-0.008747958871624571
-0.00972625413068563
-0.00972625413068563
-0.008869660028496883
-0.008922002867487382
-0.009099231194676887
-0.009170809954773117
-0.0097618616568275
-0.009484571651353612
-0.009964282237565457
-0.009877737040487722
-0.009877737040487722
-0.009877737040487722
-0.01016861012045527
-0.010021525132378917
-0.01028838427270511
-0.010411420319864638
-0.011320323332219218
-0.01071969162379636
-0.011177180735348438
-0.011261282752326643
-0.011097888756403046
-0.011397505447198919
-0.011401725061499848
-0.011401725061499848
-0.012570719543861691
-0.012856726084244693
-0.012901211688245519
-0.012854878554573112
-0.013112417907841175
-0.013147406679587376
-0.013579378045617077
-0.0136147354355866
-0.014037114794713099
-0.014196925627608895
-0.014196925627608895
-0.01434192021127016
-0.014298582374684227
-0.014651096623518196
-0.014621373986485043
-0.014723032577943773
-0.015639066705624854
-0.01573962553183487
-0.015918969856944475
-0.01602434386166635
-0.01612013040377315
-0.016427736667044012
-0.016653213557878816
-0.01674065378202494
-0.01674065378202494
0.060783087818618305
0.05117479986871531
0.059836072458376015
0.05912847787749994
0.058973969738743894
0.058515221051889235
0.05821061543123363
0.058089036435975995
0.05802179435689902
0.05630591020780211
0.05630591020780211
0.05599549540134901
0.0558692379976796
0.055227407625050996
0.0548704430931953
0.05466157518810879
0.05438727658828811
0.05404803820439126
0.05341010574019319
0.0534183869882936
0.05313719447773738
0.052694490275598756
0.05223470525948851
0.0521688334763955
0.05221258313213015
0.052151355722134515
0.05184651907056441
0.05152508369585976
0.051497397371011416
0.051497397371011416
0.051453864432641855
0.051231573322402836
0.051231573322402836
0.05095679048094624
0.05077803831247829
0.05065416170535207
0.05059456936676096
0.05056957822516846
0.050487353938348675
0.05041690462990401
0.049754724193923246
0.04946646092386857
0.04891142927549289
0.048498276320872516
0.04792037751884664
0.04774908671503689
0.04769436413645903
0.047595167100320114
0.047595167100320114
0.04939720326054962
0.04718830021865932
0.04683548470632451
0.0463572218282183
0.0463096594972865
0.04629410402632955
0.045769125253790545
0.04552365993232721
0.04541158792798062
0.045448041852002775
0.045454162237137406
0.045367551543727146
0.04491396387106862
0.04440280798717068
0.04445889673278059
0.044452735436280186
0.044328324899109414
0.044328324899109414
0.044158551767174876
0.04415945325532859
0.044113891691119025
0.04398313140164082
0.04367369097918117
0.04361540849422288
0.043333705177317244
0.04308296359244841
0.04274690789281964
0.04274311829034614
0.042364608889647284
0.04212037041874354
0.04202469057159499
0.04188900248527673
0.0417088211921595
0.041598760416069455
0.04157762150289715
0.041223998283843925
0.041223998283843925
0.041174454870755134
0.041174454870755134
0.04073794075189152
0.040512523555143044
0.04043093278118178
0.04012160935385927
0.03986761719423346
0.03983914769190262
0.03936597302594166
0.038866381673696875
0.03869922534999207
0.0379801933540962
0.0379801933540962
0.0379801933540962
0.03811842667101866
0.03811842667101866
0.037931131701274545
0.03751345145619559
0.03742736184718207
0.03721348274353124
0.035743389768151446
0.03566074189670455
0.03456860586212711
0.03368056157924883
0.03368056157924883
0.03308976495416477
0.03342183742873746
0.033309666637308215
0.03234542355939645
0.031880931205771006
0.031880931205771006
0.03180526975342919
0.03181571322065527
0.03072090502404688
0.030419986221754576
0.029748059559429406
0.029748059559429406
0.029766857483115427
0.02900889815002784
0.028916390049991515
0.02877065195809146
0.029678729421988532
0.028390189177777067
0.028390189177777067
0.028498951643342204
0.028091767415228272
0.02800555256205978
0.02776854423085429
0.02745550025075528
0.02749699880635752
0.027322863643918033
0.027345199336283377
0.027292117281217353
0.027047316885965254
0.026714894188446768
0.026529760270166982
0.026068741646506046
0.025990697306730124
0.025990697306730124
0.02567072793923874
0.02567072793923874
0.02571434947171481
0.025608848985271847
0.025569357127531094
0.02557998020237849
0.025492120551742027
0.025492120551742027
0.02519713389335762
0.02503659618393231
0.02497516955142591
0.02497516955142591
0.02496779421002258
0.0248774994954872
0.024376702724568225
0.023905014750190995
0.02430752924019827
0.02430752924019827
0.023862848583279136
0.023650614982186183
0.023449349440925665
0.02353607090235082
0.023511645257945687
0.023076309313266163
0.023076309313266163
0.02284470618348243
0.02263371487558881
0.022539716923327322
0.022184999857476007
0.021657989626460105
0.021657989626460105
0.021861035662437658
0.02169794566421719
0.02099373107151311
0.02108907847175901
0.020486200091959453
0.020569560910985624
0.020457551028755544
0.020296403088611678
0.020089576124826692
0.020115960169591395
0.019999922128294732
0.019661713576615
0.019583211636971447
0.01973435059345674
0.0207764736332928
0.01945637083980555
0.019179619813985343
0.019308900873268364
0.019029798116570698
0.019157631590357046
0.019157631590357046
0.019124247746601968
0.01912842275262322
0.019473020369422344
0.019066621290812838
0.018960160122874693
0.018738505395872462
0.018890206046448407
0.018609115594732075
0.018392029219590374
0.01823687523684158
0.018424936048929377
0.018158567645144175
0.018240049779432183
0.018046714846820557
0.01801120336811735
0.01799025069323692
0.017968374268587526
0.017966547931294596
0.01770998301506644
0.01770998301506644
0.0180250745419028
0.017786379794305786
0.01783979031348674
0.01754053153771127
0.01709356210043111
0.01709695585550966
0.016927003003506563
0.016893789505296502
0.016893789505296502
0.016802536760647125
0.016646707923677364
0.016659603280847462
0.016487850890667653
0.01660482651578254
0.016149602733408368
0.016149602733408368
0.016079191158407436
0.015964800677845472
0.01641564477286845
0.015962567388247778
0.01598490189284989
0.015731695287396003
0.015731695287396003
0.018358075313611343
0.015797349461701696
0.015848025009100205
0.015848025009100205
0.015790148480726192
0.01552322537201824
0.01552322537201824
0.015445402647595093
0.015172018047634938
0.015220133105644556
0.014903729014711238
0.01466196248417707
0.014666044149648557
0.014676126747480265
0.01448988228433894
0.01448988228433894
0.014159381700263382
0.014241595292377533
0.014241595292377533
0.014389669752966941
0.013932814646227363
0.013932814646227363
0.013876015862883558
0.01311762370835572
0.013541066036628276
0.013210506082867756
0.013295110678921338
0.013278153523392481
0.012810715468085578
0.013227285974195096
0.013221688592088408
0.012936170221458043
0.013064371770289827
0.01269460515570669
0.012784394558032253
0.012371496255205247
0.012583818463828113
0.012411124824273248
0.011987997499786596
0.011970090666868643
0.011878208560721828
0.011878208560721828
0.011777981285188397
0.011777981285188397
0.011742757134964601
0.011742757134964601
0.011227759203208234
0.011227759203208234
0.011637621359792736
0.010983220036985576
0.011527284379419954
0.011355009478697643
0.011355009478697643
0.011335432394736455
0.011309284202449294
0.011122589375268575
0.010746879650701915
0.009929533201857294
0.010451550896247087
0.01061197962959232
0.010541191542939003
0.010541191542939003
0.010549442937005785
0.010440686788953943
0.010332022062257072
0.010332022062257072
0.010296007298054754
0.010245044916933413
0.010111593585886777
0.010111593585886777
0.01003571013557713
0.010021966606820846
0.010021966606820846
0.009908222923525356
0.009619765629965674
0.009928001663359625
0.009754040751584233
0.009754040751584233
0.009709363815541671
0.009566243647163141
0.009461988957940863
0.009388528845570392
0.009364562610308802
0.00937145125139757
0.00937145125139757
0.009303204232925171
0.009290264955512566
0.009120869503320493
0.009313124175435644
0.00915808366906732
0.00892973571353756
0.009040123989275606
0.009040123989275606
0.009136067859036326
0.008740556268327725
0.008768955504934815
0.00865718957668675
0.008501113038577807
0.008233474883369622
0.008335453563637329
0.008335453563637329
0.008296663186519527
0.008460283292528407
0.008145090584054637
0.00802923904846695
0.008210326607738384
0.007976975074522906
0.007525643082887944
0.007650421215277904
0.007650421215277904
0.007535045150347649
0.007642330707813281
0.0077122810603664224
0.007209556998313603
0.007209556998313603
0.0071330925149089355
0.0071330925149089355
0.007288658081334695
0.007063420923719193
0.007004096545239297
0.007039022494929639
0.006897142743948682
0.006737685490290901
0.006725235797210411
0.006767227458922379
0.0064751418491104966
0.006493230816729712
0.006648056056842161
0.006296173190579305
0.006295220083411988
0.006388506280921428
0.006388506280921428
0.006145019189174065
0.006127576082592614
0.005923817523429283
0.005878635549653635
0.005983332519620324
0.005983332519620324
0.0058243570130841246
0.005394786746676732
0.005744094046340069
0.005705318563906766
0.005668591812702735
0.0055712840143550485
0.005905481136591376
0.005260516154567115
0.005422585798690121
0.004831071449696643
0.00536148542127454
0.00519123273866693
0.005081624733531914
0.005148883572958521
0.005332214668974646
0.004885639822040652
0.00486110551411608
0.00493598858186389
0.00493598858186389
0.004884747289892855
0.0047997293048152225
0.0052044559641267404
0.004541228682524138
0.00487356941489416
0.004303046596582041
0.004587304093034502
0.004660668343237287
0.004660668343237287
0.0046087140746089985
0.0042116698972206375
0.004271603276828891
0.0038418667709602026
0.0039211434582073655
0.003941699524881198
0.003931496490629803
0.003449788913878441
0.0037013251997296
0.0034986988416889553
0.0033551879280452903
0.003983901035853856
0.0034491815559986585
0.0036283518151752265
0.0035541043974793136
0.0032588900518117714
0.00357274895772255
0.003202463166912234
0.0033062307565261528
0.003096509367267614
0.003144653458918273
0.003144653458918273
0.0030017933490729684
0.0025390655148529164
0.003521141735628734
0.0026957017650816265
0.0028723791410043193
0.002785342312809236
0.0024780587845836927
0.002347602505484461
0.0025869364212450147
0.002916103066386414
0.0022804912845279758
0.0021924907636465796
0.0023013782831847115
0.0022887115080359607
0.002833180472449399
0.0027944794183704796
0.002186298989076103
0.0027936027535078512
0.0017580297567645023
0.002001387577096746
0.002001387577096746
0.0020775455268161203
0.001722169691128777
0.0006779905287490607
0.0024722653131208755
0.0019316643762342584
0.0019235768825034134
0.0018294688292685853
0.0017552533876528558
0.0017552533876528558
0.001480630607479517
0.0016074569838890574
0.0013532904493871024
0.001056506282766981
0.0013778248531466967
0.002090069517781302
0.0014679495569335256
0.0014679495569335256
0.0020247664397223244
0.001393786912174431
0.0010741690194061358
0.0012865890653752377
0.0011662245553867169
0.0007855747407421818
0.0009454974945812993
0.0008703940042555094
0.0007322374661887334
0.0006846836311613358
0.0006846836311613358
0.001394335137742982
0.0007018536695607089
0.0006871691792385029
0.0005846409067710769
0.00042173724107577934
0.0007227272365144464
0.00038130872372061004
0.00038130872372061004
0.0005119892164728351
0.0010094338894782282
7.878909155926045e-05
0.00015205679942952453
-0.00014621671436976472
3.7599289443217065e-05
3.7599289443217065e-05
2.323476776555483e-06
0.0005226684661658354
-3.8506621542850005e-05
-0.0002072285674105867
-0.00047329182863576957
-0.0004154661165546273
-0.0005894489567125329
-0.0008113545665026177
-0.0005112040525459294
-0.0008921757210336234
-0.0008086556686893474
-0.00111503574115637
-0.0011019511052580903
-0.0014317790483929552
-0.0011166498414732046
-0.0011166498414732046
-0.0013695403093198551
-0.0015071605714431942
-0.0014878599498598462
-0.0019323887238271113
-0.0015887375310788601
-0.0016598665498829906
-0.0017070667788179612
-0.0018527377723225325
-0.0021419122462660056
-0.0020786995473910863
-0.0024448555707397915
-0.0026366877834040534
-0.0026366877834040534
-0.002452941632234592
-0.0027425264681455994
-0.0030081321571813683
-0.002758175471091254
-0.003008565159593292
-0.0029428871077141483
-0.003024545176662575
-0.0034297754045474033
-0.003387806661515516
-0.003387806661515516
-0.0027720063391737035
-0.0031308165751610093
-0.004144663327943561
-0.004316000548567618
-0.004302572351756477
-0.0061143000238459266
-0.004062882477093031
-0.004193204164492065
-0.006305433315059899
-0.004313541026377332
-0.004313541026377332
-0.00493954613458747
-0.005227660379014523
-0.004846676946457334
-0.004846676946457334
-0.006864965759622026
-0.004980282371545985
-0.00713481713719356
-0.007150081876669013
-0.005132298188725484
-0.005632160281936281
-0.007402483933059091
-0.00621983540156637
-0.005523446652092385
-0.008656660221054185
-0.008656660221054185
-0.006537228005400386
-0.006892735307717104
-0.009504505740113458
-0.009115177080020997
-0.006544833611611821
-0.009186678791252949
-0.009414971567188785
-0.006926262073810966
-0.007380266361070942
-0.009156795477145818
-0.007434606561688106
-0.007290706769838779
-0.007290706769838779
-0.008614350680433288
-0.007470028971402929
-0.007470028971402929
-0.008415806292331698
-0.01016243130554315
-0.010660330339151189
-0.009113627610095043
-0.008876926431868945
-0.0085081051164682
-0.009245758826884444
-0.010333250689190868
-0.009185638636086832
-0.01199245409699734
-0.01199245409699734
-0.009522606167082288
-0.00918271763878542
-0.012273975820308185
-0.01200398889413603
-0.010203950762290226
-0.010971858709460342
-0.010034307266407652
-0.010168855923707396
-0.010169838443572549
-0.007622460725343944
-0.012850082218841593
-0.013636457432045782
-0.013122516712755303
-0.011323104055714158
-0.011323104055714158
-0.011092825784270016
-0.011711408251520302
-0.01180207345177455
-0.013779030483241068
-0.011610192693537807
-0.011891987300683686
-0.011891987300683686
-0.012177775883449028
-0.012979546920552526
-0.013063091978844458
-0.0158711148435233
-0.013499331715609589
-0.01618649483603175
-0.01618649483603175
-0.01606025397186381
-0.014210813213893168
-0.014510893056899503
-0.015527255022296774
-0.014024488319817249
-0.014731809188200226
-0.014276584112651666
-0.014415689443291432
-0.014494359353054749
-0.014978444543799777
-0.015197680305187266
-0.015197680305187266
-0.015535905867041698
-0.015535905867041698
-0.01556160930911287
-0.01599785219525046
-0.016264462957889036
-0.017284193394242874
-0.017284193394242874
-0.017962350132401106
-0.05066527104338566
