0.020216536004850173
0.020231524247725115
0.02302337308247425
0.02215300318356409
0.018379783851641115
0.01772021778189448
0.01945272748791203
0.01511745627925297
0.015092312880061524
0.014575598460177714
0.01655038206375032
0.01512369325870819
0.014531678271480948
0.014531678271480948
0.016085505327718772
0.015234800417814817
0.014135543510585307
0.01350871220725831
0.01350871220725831
0.01687520051755373
0.015261136209021121
0.012814092941615202
0.012814092941615202
0.014932775469958881
0.012769446476113173
0.012392745911863248
0.012392745911863248
0.016129397335105107
0.013932091082630934
0.013725890845844115
0.015549274355156711
0.011616398660392605
0.011746202156901081
0.011746202156901081
0.014152861763326571
0.01594140481096355
0.01565650992693655
0.015406479232456407
0.015568708052528515
0.01284217828310605
0.01284217828310605
0.010642305663435546
0.014473521761253473
0.010846528983217293
0.010846528983217293
0.010270607167577809
0.010270607167577809
0.012430707753960263
0.014763794089675961
0.014411942959099927
0.012458384912926463
0.012458384912926463
0.014467026922625938
0.014467026922625938
0.009715519362331278
0.011788559493910803
0.013619624932176581
0.013717208262281058
0.013556727057674814
0.010823404607590358
0.011040172686775377
0.012344670075320344
0.013003522092917549
0.009111727655326791
0.012322641945142777
0.009075543478632556
0.012169813905477752
0.011234702244611434
0.012518297740648252
0.012999986253316572
0.010699585262420437
0.011513428922253304
0.011513428922253304
0.011513428922253304
0.010686468469358388
0.009536938442235382
0.010040573472323016
0.010079740257169354
0.010114664688011315
0.009060331118783656
0.01080406036777442
0.010915893400159124
0.009085125396700191
0.010841592390525732
0.009446714999223267
0.008835883608727266
0.009780325219794007
0.009780325219794007
0.008754383489627673
0.009540679906969619
0.009540679906969619
0.009901101235138834
0.010059979265578525
0.008729181662288121
0.010780710281515919
0.011426430923602585
0.010241626811558767
0.008641543291946937
0.008215898387972098
0.009587462689495249
0.00774816812330033
0.010461130680257143
0.009379339070029982
0.010415169556596599
0.007012516284597745
0.00753671688348662
0.009938840057584617
0.01007189841027189
0.01007189841027189
0.006324630968311122
0.00967951768277187
0.007443115142423636
0.008134308899409895
0.008134308899409895
0.0077907988686474515
0.006016509611659834
0.009036088505513436
0.008524777752914884
0.005665655633938581
0.005665655633938581
0.006420034963657239
0.00792447724607974
0.007197852834604909
0.006796803170244449
0.007001923945302297
0.005379660747148333
0.005379660747148333
0.005661086692362824
0.00755318148623387
0.0075806732574953215
0.005223743256532318
0.007838609377981844
0.006887590864620444
0.00549769431070051
0.007563161527765144
0.004722619895961288
0.007332484087281714
0.007607137834456843
0.005573154388734226
0.0051043517701291966
0.006333256923389751
0.006761087084307701
0.004555309366540884
0.004015878979191222
0.002932224116644599
0.002932224116644599
0.007007181816230012
0.0037389400494270107
0.0037389400494270107
0.005511075407682634
0.007234175509290433
0.003208433596594033
0.004015803338198342
0.006871375859270112
0.0048035308730695605
0.005057710724867361
0.004784226186712274
0.004784226186712274
0.006492329708461863
0.005824564261490812
0.00610422094341418
0.00631734425742104
0.0032091649968159935
0.005792474518726067
0.005993929465157378
0.005340631669794113
0.005393604628602714
0.001754297988519297
0.001754297988519297
0.005121126700385949
0.005009674590340029
0.0011689696048071082
0.004561881687957944
0.0030311717040791353
0.0018126882492575103
0.0050738054628321995
0.005002633809653647
0.005002633809653647
0.004647753962095157
0.004597359444198245
0.003196236110613318
8.41581711801326e-05
0.0020349722951128017
-0.0007012231789609119
0.0025324084998795335
-0.0010815029782557447
0.0004745852694816536
0.00017643342130672384
-0.00013945484629617884
0.001281926404111317
0.0002181601296332819
-0.0012490324539323155
-0.0001892365066208174
-0.0012242355985532618
-0.0030113089266425854
-0.0030113089266425854
-0.00013815296825872683
-0.0004725822112234911
-0.0032169245659455542
-0.0016864981022677898
-0.0027408817552465707
-0.0027116775548486054
-0.0033876801236651867
-0.0015058988974750228
-0.001630945337474843
-0.0024371469398051394
-0.0025387746617445877
-0.0025387746617445877
-0.0021426501821299386
-0.004701629184345128
-0.0032874740819067963
-0.001514743659782473
-0.002438890611067581
-0.005258649011278023
-0.001522674509839661
-0.003449592828903989
-0.0037142055465142457
-0.0036182611347905865
-0.0032308415124538965
-0.001967812912665762
-0.0043718375763852685
-0.006705640793451546
-0.003023941380723346
-0.00478954958066091
-0.008231985585052408
-0.0025777065557704266
-0.008654576417601681
-0.0031541788182062056
-0.0077276936372166986
-0.003927238800275568
-0.0038046944993742125
-0.005464276839086955
-0.0038323866446485617
-0.0026343504878111406
-0.005386237590425186
-0.0031574939073753983
-0.004231210379462553
-0.010117339396319692
-0.0099197875946615
-0.00492208715645241
-0.00295041406371463
-0.007330230003609168
-0.0050844791950819335
-0.0033204580875103645
-0.005111776194636208
-0.009459352712615218
-0.005658243463326192
-0.008219499827121064
-0.007651632061880737
-0.01152279878558127
-0.00495972169225289
-0.006107657043976698
-0.004843026957324707
-0.004801392757551957
-0.006286793749875769
-0.006472469032277418
-0.007061797501196213
-0.01296357726441151
-0.007487348748033731
-0.005651416953906926
-0.005878128090366765
-0.006912040805126599
-0.006049290254587198
-0.006049290254587198
-0.007527460289439654
-0.008378131491711346
-0.007811361538480322
-0.007920858113572262
-0.00897777377099555
-0.008051273143587464
-0.009463615020157095
-0.008819949805083207
-0.007772278528393166
-0.007721340578121605
-0.00789339088860231
-0.016830117115480568
-0.010072117172066209
-0.007788414119623826
-0.014081076976077462
-0.014081076976077462
-0.01059836124349
-0.012218907915652248
-0.0114010124377855
-0.014500258655691284
-0.013680920076331968
-0.01025820294292371
-0.010898274366373502
-0.008963776640530515
-0.012718116385929871
-0.012443601597594684
-0.01341808692518803
-0.009163300129281982
-0.010930168740929723
-0.013612360359116343
-0.013833285344106265
-0.010244333749133439
-0.010329235319954758
-0.011842371073426878
-0.010247002611020227
-0.015458779916064331
-0.015458779916064331
-0.015311553542691045
-0.014994497859425103
-0.0113071329244302
-0.01646290603211996
-0.01646290603211996
-0.013128190078985864
-0.016538658014201752
-0.01692971615267663
-0.015298775859715369
-0.016843281159667448
-0.015858530279741045
-0.015770271415886987
-0.016045769503691187
-0.01782502735412202
-0.01923839300008844
-0.016382758746016465
-0.016762400259256894
-0.024557891842292606
-0.03224679196555355
-0.03626959166360611
-0.026000538792237123
-0.03533702596327993
-0.04444115160188246
-0.043977007179969815
-0.0424675599448016
-0.04426972987908844
-0.043219174622922775
-0.04210545654231989
-0.03184685028772502
-0.03505042187482621
-0.03698598545364749
-0.041144291319188175
-0.03312650653534101
-0.04138601031552882
-0.04138601031552882
-0.04081006326690767
-0.04034218165863201
-0.03756930725228871
-0.04063229453296846
-0.04321623318154747
-0.033518712802408646
-0.029718564468307215
-0.035594597474602564
-0.03243356098330437
-0.03081293765407546
-0.03081293765407546
-0.03690070908550455
-0.033437767224768856
-0.030398820807747168
-0.040229067623134857
-0.02989812451967974
-0.03217951207288863
-0.03498361709458465
-0.03109007500841561
-0.03277288352301582
-0.03655263404541952
-0.037573213662986764
-0.028590949997730115
-0.03375355272011091
-0.03105829099789289
-0.02933384364890825
-0.03817918474118549
-0.027653642104948348
-0.02588894252242649
-0.029241934257303395
-0.0374473286116057
-0.03141853079824157
-0.038793803299529
-0.03518368093991645
-0.038304277619274595
-0.02239157992246633
-0.03526482880241539
-0.024336270760419713
-0.024336270760419713
-0.03483110112927369
-0.02924852988813788
-0.026903321552237475
-0.026090947435596777
-0.02999609782712611
-0.03359425327560205
-0.028909088245932798
-0.028909088245932798
-0.0356251275581746
-0.034042467891618175
-0.03185632084124621
-0.035586051729990006
-0.03485503258253097
-0.01846139367030875
-0.03179729583699846
-0.031971354340736904
-0.02421639185466394
-0.03430411909916747
-0.009487969191526346
-0.015839557215878174
-0.00879573949958297
-0.00879573949958297
-0.022264394865698006
-0.025691241260756736
-0.010153623559310881
-0.00768371588180466
-0.008486877547294639
-0.028952708115699402
-0.014710259016290446
-0.006058430343107191
-0.00982958262864396
-0.03323707698650173
-0.01414099966436972
-0.03203323110465668
-0.01343606965883863
-0.005743321431714526
-0.02121377644197811
-0.03005018845755165
-0.020365240105159475
-0.015908989175090656
-0.0156304236080681
-0.0073302361841634436
-0.01668952089176808
-0.02020559330284004
-0.021592771549623486
-0.03369634595241153
-0.017083773626681124
-0.016442622243117416
-0.03197779933897049
-0.03197779933897049
-0.020835333206392408
-0.020835333206392408
-0.018410607026833118
-0.03080514111061327
-0.004983243857055682
-0.010726037181767832
-0.02525222156861985
-0.0018309703967920926
-0.031138323998137183
-0.029204651576495655
-0.01616394258405499
-0.015414405735650756
-0.015022594077572974
-0.01660285159417442
-0.009458172742152968
-0.02339449117697452
-0.02523745865686211
-0.01076000815756827
-0.020279638557438306
-0.009089345303738696
-0.013291613411415612
-0.03195955318437237
-0.011388986073861107
-0.02070228521301223
-0.005361444225246161
-0.011384136359611089
-0.02155291943250868
-0.020919334520601275
-0.015355472618440018
-0.018954358613175196
-0.01708338067924267
-0.02700570200419501
-0.008396432642778433
-0.008396432642778433
-0.010081754896311386
-0.010081754896311386
-0.02816643830539194
-0.01402250473184961
-0.0011136877352604397
-0.014246694888930659
-0.005020679695851628
-0.020841269380876663
-0.009691914058536668
-0.0058525344471731045
-0.008810409634580742
-0.017678807166154175
-0.01327880402786153
-0.028006823632311054
-0.008217405081785544
-0.008743622738026985
-0.0192597436515267
-0.0016077031351738663
-0.0073644766261053525
-0.012728373563721388
0.00099078629735932
-0.017787939625735084
-0.01843936952439319
-0.009159581090856952
-0.012141985562591903
-0.01897928713348128
-0.008399526764228567
-0.016946858986859322
-0.014493758275194363
-0.016001250844408253
-0.020175944024828578
-0.0067408106200348445
-0.007621439652421291
-0.01759621336066793
-0.006859572433223963
-0.016650610115278363
-0.008971985935783838
-0.018054191044590284
-0.007090156726878896
-0.013520976077562332
-0.014266100312655143
-0.011796894001228924
-0.011796894001228924
-0.01243969419212379
-0.0009964038062447846
-0.015308107496749733
-0.017393635755924012
-0.015695593478607415
-0.004557489080770227
-0.016667292377676526
-0.013893421240945537
-0.004731070322866542
-0.006460408349429042
-0.006460408349429042
-0.019228416354111873
0.0028188189160362124
0.004146217989704685
-0.0028295838837616213
-0.014967332762954522
-0.013850066957013015
-0.00786820238707085
-0.004223928530136493
-0.0029396122257231063
-0.001765724598021092
-0.006610504488608205
-0.0059767161213436235
-0.0045585625847743595
-0.008961161335349438
-0.011686487546088595
0.0013140656562614804
0.0013140656562614804
-0.010709572969087422
-0.0002068914915610551
-0.0002068914915610551
-0.010090208829327792
-0.01076231282288938
-0.002637408792841697
-0.0004067009626105721
-0.008806792820313483
-0.0013952570652049437
-0.008933451846072499
0.007512128311095733
0.0020796933228447653
-0.008171116508547472
0.006538143426888556
0.00566643637747803
0.00566643637747803
-0.006909312817306911
-0.006456321104392489
0.0073436143637603465
0.0103554714191712
0.010831592425947322
0.010831592425947322
0.011996850651735698
-0.004919611911558699
0.01283175839682365
0.01283175839682365
-0.002682261762138161
-0.0049217958397733755
0.012871902033703303
0.007200135784041999
-0.004913581853569935
0.014651215032530704
0.014651215032530704
0.01368056891798639
-0.004152888795492829
0.009743793133030776
0.010358186014766447
0.00831908621907287
0.011911857558709929
0.009042011793456851
0.016695105993931682
0.015044720666003384
0.015044720666003384
0.015838375722002945
0.01227099542369962
0.0008109900102677761
0.014669836139047276
0.01866878793887353
0.01957935852532512
0.003960180301060177
0.005845722162482823
0.02041054805827365
0.01922315034679844
0.00534283253318267
0.02142754105989248
0.007131409260601038
0.02152428981191963
0.0221155007461559
0.03134039504011086
0.03045158845359934
0.02949956200806764
0.023500392069466254
0.023500392069466254
0.019753503984745444
0.019753503984745444
0.01768444188538215
0.017543670871832975
0.016694216687454036
0.013468299965606815
0.014100401621257997
0.01323688642692333
0.014817765171341502
0.012760521436881046
0.012760521436881046
0.014621933627528992
0.012649251590635666
0.013518173815421336
0.013144468103547333
0.011864004450429172
0.011881758740297831
0.011822391348727564
0.012337587573255116
0.011715061505405475
0.013221606394511937
0.012376406491148307
0.012575911062817084
0.011355419024731573
0.01273982598036167
0.011236205707139223
0.011234693521032117
0.010850088202148134
0.010673938245252484
0.011849731783402349
0.009911987954809617
0.010689504383086024
0.01055166466910858
0.009578935977094567
0.009578935977094567
0.008983787466365594
0.010506832849563285
0.01079286992169478
0.008599412511683205
0.008513545298206245
0.009732310426893011
0.01026690837301927
0.008514413891302445
0.011398690968763598
0.008047792299033215
0.008047792299033215
0.00801309141732998
0.010018053219890728
0.008068903208981806
0.007828700048839947
0.007818631826433393
0.00774197437438949
0.007744760229478562
0.007850190982506998
0.009646743079125254
0.0077509559426498596
0.009364737048834108
0.007356779705882993
0.007356779705882993
0.009364091372280028
0.00729095759910194
0.00729095759910194
0.00790833487549053
0.006871856730413545
0.007012887848348754
0.00677425146681038
0.006592516638721731
0.007206300511833386
0.006261522006282444
0.006042125167667189
0.00717527237893437
0.005595414905265339
0.005554406372603933
0.007323182113662048
0.006776241189134711
0.00525115812228086
0.0051206355923108715
0.0051206355923108715
0.005043610215315455
0.005213650363122519
0.005329835240807134
0.00515748872860455
0.00479673220698965
0.00479673220698965
0.005558991687234903
0.004406604696740059
0.004447096302463457
0.004447096302463457
0.004710126418343508
0.006140896440014773
0.006071594195863296
0.004617464305693332
0.00596193094850988
0.004066973775531766
0.0035883652347521314
0.0035228591175826196
0.005953426316608186
0.003418291475651816
0.003465331484723309
0.005475909843131163
0.004301263002042662
0.0031208376815055226
0.0027284253488415564
0.0027284253488415564
0.004360897102847453
0.00283109499688375
0.0037392653656851747
0.00043860557356942503
0.002788409065111928
0.003121438299162275
0.0021179656805165935
0.0021179656805165935
0.0025719882817210704
0.003610855806710576
0.0019626604231670524
0.0019626604231670524
0.0018376050992394985
0.0025030053101684985
0.003210369874690412
0.0025101224306530836
0.0035978461327194878
0.002676159095148865
0.0027162203438057283
0.0027162203438057283
0.0014713938591067826
0.0016385839174582167
0.002739411321295553
0.002620205702385909
0.002620205702385909
0.0023165084790597685
0.0023165084790597685
0.0028923686913433677
0.002792013676817008
0.0011832838854263996
0.0014548745552192116
0.0028981734268199565
0.001274789361498784
0.001034641493948422
0.0019974100871289206
0.003108753108473787
0.0009845785217011808
0.0034055881529900284
0.0022551088434314007
0.0007622617865838196
0.0010082803734438185
0.0028692948317486982
0.0008204746107786322
0.0009131453840777979
0.0009131453840777979
0.000338987727139051
0.0003932212713241468
0.0003932212713241468
0.001991849602371062
0.001991849602371062
0.00046345622415220537
0.00039711127090851693
0.00039711127090851693
0.00020601170918675338
4.580582461839418e-05
0.0010552524081833608
0.0012596313947006177
0.0009100123239836797
0.0003907450353921934
0.00028278306562979884
0.00028278306562979884
0.0016099702363668365
0.0016099702363668365
0.001430702764639443
-0.00022448717553824298
0.0002668650991231582
-0.00020127706018977442
0.0006542637451512276
0.0019259595715937078
-0.0002924034639381615
6.540285553659493e-05
0.0010795722578758888
-0.00035889671301294273
0.0018834898297643257
-0.00045967269375700025
0.00048633047520350766
0.00031547756429184783
-0.0008077204318586912
-1.8002816094783238e-05
0.0016793765460555781
-0.0007742102705055241
-0.0007742102705055241
0.00026919341450550727
0.00048320621507134666
0.001424939451137803
-0.00032243502289035024
-0.00032243502289035024
0.0001370343252173232
-0.0011236328802852935
-0.0007923869696758667
-0.0012187817175575804
0.0007993165756736423
-0.0005190033900764554
0.001017195496375476
-0.0003876391503175294
-0.0013400671282919662
-0.0010314925477238057
-0.000884825027042507
-0.000884825027042507
-0.0013700261724999658
-0.0013700261724999658
-0.0014776142179898093
-0.0016920484582241132
-0.0012813495701971165
-0.0011881580227605835
-0.0005734279020529535
-0.001729402409513025
-0.0006694022796490287
-0.0006694022796490287
-0.0006694022796490287
-0.002000552791765363
-0.0019479780469782893
-0.000831307387361591
-0.001270888279943623
-0.0023203569434522764
-0.0018961318932553754
-0.0027105285833077157
-0.0019196347405561111
-0.0019985970541923845
-0.0019247783109805896
-0.0025135019172871417
-0.0030808396462233636
-0.00326786979904627
-0.0031676286623134988
-0.0031676286623134988
-0.0021555474999764928
-0.002702485809560603
-0.002369937606438553
-0.003127089353624982
-0.003127089353624982
-0.003753009744249607
-0.0036342106768184374
-0.002881878113955882
-0.0039416216649378975
-0.0036036521945997865
-0.002354780106389988
-0.0032166872469001026
-0.004118375119199497
-0.004205934986926005
-0.004554909997866105
-0.004615033455999364
-0.003667479810178406
-0.00448825767586511
-0.00448825767586511
-0.0034285360124197265
-0.004735856494071215
-0.003736343249654286
-0.005098598871977907
-0.004729667333494096
-0.005182148934011147
-0.005246847156303991
-0.004850486866779751
-0.0038818258425225858
-0.004395819845802386
-0.004417752323937265
-0.005573415213444556
-0.005502373023960345
-0.005611388757489515
-0.005205821175672234
-0.006265458271291094
-0.006265458271291094
-0.005265258286349552
-0.00661091999943917
-0.006603031875248759
-0.006745621417359228
-0.006847382698568656
-0.006936469552659945
-0.006936469552659945
-0.0061997126121226
-0.006367435620836952
-0.007149109814973236
-0.006360878177247796
-0.008069707065324722
-0.008069707065324722
-0.007947551956065993
-0.008010586908823758
-0.008538299040754907
-0.008412247630648944
-0.007654634811098636
-0.008938424442573813
-0.008949268336489031
-0.008186722192768597
-0.008186722192768597
-0.008436412847711214
-0.009561387538704263
-0.00879007956722633
-0.009804280587113402
-0.009887820857020498
-0.010307965467691832
-0.010343413143722674
-0.010507237503943567
-0.010550939637787062
-0.010550939637787062
-0.010844516319948422
-0.010901318254265251
-0.011053617352919695
-0.010119888445286707
-0.01108385960529069
-0.011064100048741235
-0.01113456146472465
-0.01038929400869391
-0.011478257786772401
-0.011745216424528759
-0.011894310496281745
-0.011894310496281745
-0.011863609134533189
-0.012273310755867834
-0.012427133320947182
-0.012446432107457764
-0.013321751187289307
-0.012651572231836989
-0.012651572231836989
-0.01381594587580533
-0.014050741298083666
-0.014190049899191324
-0.014278148976159017
-0.014318148639054661
-0.014361448020782612
-0.01375924166592772
-0.014780179843662056
-0.015013630508508742
-0.015071315304011595
-0.015526045870430175
-0.01799852705386401
-0.017926851797491757
-0.018637188039512573
-0.019579736938209163
-0.6451736866781795
-0.5513359967807762
-0.5289857225477834
-0.3978992537097264
-0.38783387882953124
-0.36921293698405494
-0.362552738347491
-0.3625777826454531
-0.358399277905032
-0.35732856312340033
-0.3539436061653832
-0.3670427806074058
-0.3513821009669892
-0.3516524300531526
-0.34940087075455695
-0.3338174177099721
-0.3407668512920568
-0.3362317936232992
-0.3415658287975359
-0.3306333462938578
-0.33027222140018453
-0.33027222140018453
-0.32365048972858157
-0.3304841068684447
-0.3210924127610703
-0.3217367883061055
-0.31566745101708465
-0.31220422151911054
-0.3141269878903288
-0.30586821900758027
-0.3078929453975604
-0.3021231606912819
-0.30700633989867143
-0.29596772667871524
-0.30250557146806345
-0.2924780976872073
-0.2924780976872073
-0.295111869711313
-0.2913362985867593
-0.2971030200889557
-0.3146499695004945
-0.27200879821445384
-0.27200879821445384
-0.27034180392138824
-0.2693284273083146
-0.27438699824390933
-0.2646820509700295
-0.254055258613209
-0.26718634909285166
-0.26718634909285166
-0.23643675005451403
-0.2530467403120779
-0.2530467403120779
-0.2434844832811609
-0.2382788933945284
-0.23867493219640218
-0.23251789434122253
-0.22815562934436862
-0.22032578746979922
-0.22091226447334036
-0.20011545042300152
-0.21399946139797527
-0.21603633966130947
-0.21336139733112572
-0.21147719688334599
-0.19831499348770704
-0.17789108124999448
-0.1805135810577542
-0.19409714585754959
-0.18063779290020415
-0.18486469437915196
-0.173855264503834
-0.16838545305474092
-0.16960493746566818
-0.17317473685914975
-0.17643611988459348
-0.15379856796884575
-0.15640181957363403
-0.1672640775999252
-0.1638680959112808
-0.16332381705476906
-0.15952323643149854
-0.16258486385824264
-0.1585369497662731
-0.156521662537084
-0.15612537216452102
-0.13664191519619984
-0.1535114089257453
-0.1447582565933674
-0.1394304436717682
-0.1470140690229522
-0.14373315671594616
-0.14373315671594616
-0.1473537618761202
-0.12935982025357856
-0.13225513042927695
-0.1389803829712361
-0.1389803829712361
-0.1360240902729878
-0.13609476763877737
-0.1369589701717717
-0.137229519506442
-0.11754803789083493
-0.1205699129663069
-0.13326574780773237
-0.13326574780773237
-0.1346039966762144
-0.1289858157148261
-0.11925664120238785
-0.12874982299744323
-0.12866138677902997
-0.10863536731895039
-0.12010673064061009
-0.11688658842743577
-0.11663158523898824
-0.11233294782367588
-0.10484235396575188
-0.09469781301974323
-0.10644705413248759
-0.09756325199222868
-0.10333575378447031
-0.10975319408784953
-0.09389779141681531
-0.1047869409575996
-0.09987861343553882
-0.1009553045436857
-0.09493251543909888
-0.09493251543909888
-0.10165538460376625
-0.09661946663573176
-0.10111203679015834
-0.09582578064024626
-0.0883789978124623
-0.08589276603411597
-0.08589276603411597
-0.08434417162905944
-0.07673831754061894
-0.08501765499799017
-0.09141966344212389
-0.08652779783181305
-0.09585464901021729
-0.07835520762488277
-0.08482820074600093
-0.07241318965561394
-0.08458238875105291
-0.07999479844131847
-0.07575292287725062
-0.073652543261001
-0.06530969966287384
-0.06741366470387382
-0.06564222350581764
-0.07147030056445679
-0.06725553286755069
-0.07437987512449154
-0.07437987512449154
-0.06720102892159115
-0.0696161866582213
-0.05744447087474233
-0.05744447087474233
-0.0710272524652526
-0.05928439047046167
-0.06724664384321152
-0.06018767587829844
-0.07167642603295771
-0.06533715298809031
-0.06249647215522519
-0.06506408815049582
-0.06465049402638387
-0.06042196800509666
-0.053026894510065176
-0.054493277110974826
-0.05771215417535334
-0.051553058806361664
-0.04915717706749185
-0.046543826530376954
-0.047991991396148244
-0.047991991396148244
-0.05628619133616783
-0.05982515393438561
-0.0589467083661682
-0.047988413297534685
-0.05242413314650205
-0.0464645837007242
-0.04627224915662901
-0.04523375181067881
-0.056054424179004296
-0.04944488410770272
-0.04828190515533739
-0.04285488796862561
-0.0474885635068404
-0.04810933682531049
-0.042567098933379656
-0.048621749185718016
-0.048621749185718016
-0.03725706145728774
-0.02985231230740954
-0.04130708689336696
-0.04130708689336696
-0.0419739657199809
-0.037801167184926925
-0.037801167184926925
-0.04201236732782812
-0.04043310218916035
-0.027708606760827575
-0.04076629635241314
-0.038961825376901175
-0.03378190107613113
-0.03935271149452377
-0.03935271149452377
-0.03638292835537441
-0.02957590884810121
-0.02762947901948377
-0.028207835476111522
-0.03263893058849828
-0.027447561342879304
-0.026355501011738443
-0.029611126056803636
-0.031056112023425713
-0.016728873812333775
-0.024432339499981998
-0.024432339499981998
-0.026494756552424545
-0.026494756552424545
-0.02293374245498878
-0.023518680235149924
-0.023518680235149924
-0.017902458939098618
-0.02311649755983068
-0.01950427010030682
-0.017479788033214583
-0.014912333804767327
-0.022973193081967727
-0.02299956575103983
-0.020585784809108207
-0.010055375080567775
-0.016849032605524932
-0.020849372926806286
-0.01365959511005203
-0.01136604618592221
-0.007960668730839603
-0.005730336847200095
-0.0068189243852939925
-0.0024834485103209757
0.002557313600668299
0.002557313600668299
-0.0019343370955036908
0.0009352224817985985
-0.004388045618183247
-0.003044318031841821
0.004826835942472051
0.0013265050788538514
0.0013265050788538514
0.007803978891224547
0.007803978891224547
0.007803978891224547
0.00786966729313227
0.010815373766271863
0.01369083720338906
0.010930567272937623
0.01829998107090468
0.017093760978811514
0.011557430326389149
0.00935552790941221
0.01280623131185852
0.01395225723515428
0.02435974947143959
0.01264847142414861
0.021662522519646066
0.01767448686420395
0.020437406116332196
0.017451978682023802
0.0169382326504435
0.0169382326504435
0.01979218553488104
0.027326258827676937
0.020925494236177535
0.028620333586285324
0.025145906702615888
0.027483961455273164
0.023938334631086248
0.023573869200865256
0.028058936973305467
0.02236522954966257
0.027250672150278817
0.03140300477932243
0.02697826188286756
0.030962975979315892
0.0370445049505181
0.03677789668929583
0.03861459558732192
0.03616246838121367
0.03870931369153624
0.04424970300991617
0.04424970300991617
0.0395414304821249
0.039622256113421635
0.039622256113421635
0.05508054861031424
0.045126447293192526
0.05038036854333113
0.053628950574540146
0.05028175316804528
0.056225409667395275
0.05022986323126409
0.06202347935933976
0.05633439536313211
0.05840873522700121
0.06505663759386741
0.05848560879522945
0.06428431257343822
0.06010574771713401
0.06991812096254077
0.06586577130598838
0.0718551532436797
0.0718551532436797
0.08120224058771579
0.0816411749010622
0.0884704058358101
0.08809736325890746
0.09124540635528039
0.09073647978929258
0.09559228282937422
0.10036182701730542
0.09805761147690129
0.10607407436456502
0.10958259980190711
0.11110565276240025
0.11412619103255713
0.11412619103255713
0.11510913470252308
0.11632101407137188
0.11764189407337625
0.12366216185252961
0.12113040371133496
0.12242987242965601
0.12525167827565767
0.12841993295305668
0.1266093630241191
0.12683653423694657
0.12664625913352975
0.1292785937549866
0.12841968701689654
0.1308538034798109
0.1331609960530473
0.1317962023190647
0.1332281524323868
0.13400670272367235
0.13250198822178408
0.13218005265197907
0.13560655154929319
0.14147235032679423
0.1442727875536337
0.1442727875536337
0.14733034174071985
0.14715595308180657
0.14804670260972969
0.14804670260972969
0.1641797357654912
0.16084053217373803
0.1615396806947293
0.1615396806947293
0.16357083503317216
0.16570908282606553
0.17093164612983447
0.18088060053140775
0.18317101228636198
0.18413947944821762
0.1936796857527091
0.19635983848179742
0.20696914315114762
0.21290019322522163
0.21290019322522163
0.2217662667213173
0.22807022316744066
0.25318785658546783
0.2553809499103003
0.2588053306818091
0.2735527088832536
0.28910995525513977
0.29308413195907107
0.29207082326045297
0.30104632300072875
0.9495882794482379
0.0447748650071682
0.04037701669813992
0.039294887191819554
0.039294887191819554
0.039306668426677314
0.038197272544836416
0.037157398797522063
0.03691583836759265
0.03670670217726397
0.035607601957360735
0.03495277908254012
0.03495277908254012
0.0349756305194414
0.03499981494188954
0.03411361950113842
0.03380114044505884
0.03310600413148474
0.03351769741786538
0.033389415201538646
0.03335650903288751
0.032943527730110486
0.032943527730110486
0.0331947855626602
0.03245083187911603
0.032856756392439
0.032487376964847
0.032853919054816806
0.03242256810111845
0.03216597684363041
0.03189624365388157
0.031887383558977855
0.0317328826114565
0.03144515423932959
0.0313267489362269
0.030647440646974715
0.030647440646974715
0.03132890798584772
0.03082827053366906
0.031160651631020705
0.030257197559258868
0.029754623911935982
0.03005334191260847
0.030335611334839495
0.030442289112074042
0.030320433188917164
0.02930151327831149
0.02939654644353588
0.029324993995917346
0.029324993995917346
0.029688246182887245
0.027905664600397555
0.02773001797991644
0.027759412168158443
0.02721723000895644
0.02662490377664282
0.02662490377664282
0.026460242242981265
0.025738465351286554
0.028073456096480546
0.025342136434278937
0.025263410843297748
0.02689178795765185
0.024956306537352913
0.025325827924211435
0.024690802371091634
0.023556926406843964
0.023597522045087988
0.022909070181289737
0.022855780585521627
0.022855780585521627
0.020737028892459975
0.022517633065218465
0.022083455560443353
0.019729545897619813
0.01904045979505958
0.01835040445276023
0.014415357214746266
0.017282064462537636
0.014259753452116566
0.01699540039936421
0.015316941792993088
0.015991156954118756
0.012806387442919826
0.01570999400800189
0.01243315256577508
0.013688976156583361
0.014432907463965073
0.013749636577649006
0.012487441960147675
0.013950686992625624
0.015186395774946296
0.015002297460004291
0.013672011698898536
0.013297888583309582
0.014299497220498593
0.013607935522288919
0.014004027480205055
0.014004027480205055
0.017158239429339944
0.014338213282181047
0.014059756238924742
0.012636568318296888
0.012057404460211986
0.01350965266659192
0.01152480240568325
0.011371732026044993
0.011082353434451717
0.013671088701133155
0.013671088701133155
0.013671088701133155
0.010709538697430278
0.01316373281700136
0.012531375293294818
0.012487806669936279
0.011913271349496872
0.013185597869525206
0.010797896638511249
0.010812895655984773
0.013211896830842531
0.011778310837825545
0.011778310837825545
0.01019130484260365
0.012714687763881478
0.010395026757164465
0.012830300639377365
0.010544118690039633
0.011937309676324644
0.011500701611472779
0.01171471967506054
0.009922941406261349
0.009713756236579421
0.009713756236579421
0.010908123432177131
0.01094844356031313
0.01045733461394972
0.010067909412883632
0.011293199099576831
0.008973119437459508
0.01018316407310047
0.010105036975597198
0.01011800046130923
0.010827810825574487
0.01104727812651226
0.010233087689647364
0.009494125102504542
0.009650952560083501
0.0095337684917588
0.010610357815170586
0.010610357815170586
0.009395084228389897
0.009395084228389897
0.008723578803046604
0.009875007487335854
0.009875007487335854
0.008399400204606396
0.007032894898429508
0.007152533520868752
0.009956325294843438
0.009202427545906057
0.008168292804830602
0.008467403795031312
0.008467403795031312
0.0077422121889386035
0.009134639254255969
0.008816379656807571
0.00905808050578741
0.008456824573997277
0.008093227839762043
0.007558108190967347
0.007956753024436398
0.007871178341450092
0.008214149778922169
0.008020821455696868
0.008090005696281854
0.007830678881620144
0.007737066887629772
0.007681958037864521
0.004565103587750125
0.007496768026795239
0.006906058176956014
0.006915275880349889
0.006915275880349889
0.006568313390481313
0.004995137912366072
0.007191115500245431
0.006634215748868284
0.006681513878685225
0.006720758672523006
0.006792743305778881
0.0066556278577564
0.0066556278577564
0.005043915875749906
0.0066622914892130475
0.004818524980941817
0.006775043775398136
0.006775043775398136
0.006161244783907192
0.0070452857951560565
0.006977596774198573
0.006003183522774206
0.005924058545983863
0.006408111057146958
0.005794835794157902
0.006177126578418935
0.0064288503790656685
0.005979975216567237
0.004802661417714438
0.0058029068004996145
0.0058029068004996145
0.0054605060869751965
0.004728903561174324
0.00519516650569292
0.0054550719351709985
0.0054550719351709985
0.0052985238925870835
0.00532533962931194
0.005661511132000119
0.005661511132000119
0.0055181610522809675
0.004629257285193764
0.003851730631657946
0.005318689860900908
0.003798618641734794
0.005042397622185615
0.0054436948969981405
0.004713565504077966
0.004435732223996712
0.0055245043965028665
0.005442811041312143
0.0045628328631608745
0.0045628328631608745
0.005071401305254103
0.005103601089558832
0.004342273057347277
0.004753669928763899
0.005081237981789494
0.004349978912215467
0.004614756813063155
0.004242926009833823
0.004531397185864188
0.00378530832032942
0.004660271114720512
0.004156404924047815
0.0045355242050925055
0.0045355242050925055
0.0036401845514377794
0.0036401845514377794
0.0037841796618623583
0.004382511349301489
0.004078685015110468
0.004078685015110468
0.003521202205897035
0.003466071665855686
0.003466071665855686
0.003437757406081801
0.003974701026893823
0.003974701026893823
0.0037382896220404093
0.0038434447227140875
0.0035132661224703578
0.0035132661224703578
0.0032663074636997275
0.002885590246216843
0.0035161082859509465
0.0035161082859509465
0.0031624460886373372
0.003828139094287676
0.003162554954729579
0.0035756505406324642
0.00369112501580334
0.00314233120837992
0.0012925530602421649
0.0020534855969196867
0.002014387369827118
0.0017505487210609267
0.002522418747486879
0.002413789561090286
0.002226400999941886
0.002328462849052142
0.002270984150092209
0.001444369305017453
0.001897445303614707
0.0022994283849775395
0.0025409564162708243
0.002079943685020412
0.0018760085145868928
0.0015790401233536622
0.00151226476210306
0.00151226476210306
0.0013584046751919786
0.0015318348597431297
0.001399540447028704
0.0012127191788297977
0.001596578165860425
0.00085108608667985
0.0012069234579845296
0.0009740773073813994
0.000519020880398315
0.0006931607701236592
0.0011112319390144923
0.0011112319390144923
0.0006868268737585303
0.000588711801918638
0.00038501349670445455
-0.0011979092040859426
0.00024007648178148416
-0.00021194059755372488
0.00011793468663028103
7.146022911841991e-05
0.0005859430734055314
-0.0007880194447172534
-0.0002824032880740896
-0.0002824032880740896
0.00018772182872252546
-0.000650451868763856
-5.263944007422903e-05
1.590037792337935e-05
1.590037792337935e-05
0.00017746283335257497
0.0003868051914925002
0.00026743879945525113
-0.00013732593608144566
-0.0003150566313891221
-0.0003150566313891221
-0.00021664227908587246
-0.0005992191696063346
-0.0004902873141057222
-0.0004913645341935135
-0.0004913645341935135
-0.0006572092885570352
-0.000952634678451395
-0.0008181751786631047
-0.0012500474506200387
-0.00027801867180611095
-0.0008241338679352074
-0.0011310291457366666
-0.0006313780762506637
-0.002004753536478646
-0.001874047550952608
-0.002308382081851655
-0.001329577008952661
-0.001579978282537123
-0.0015659146644963616
-0.0013042666194653936
-0.001905857016271784
-0.0014336646054296024
-0.0020592902411729224
-0.001429484212019533
-0.001968319583554926
-0.003425331481528843
-0.0030624554185097147
-0.0031397598636426502
-0.0027411650244083055
-0.003890598838234102
-0.003100110468181359
-0.004118539897867885
-0.0032547987577093065
-0.004178139544565774
-0.0027065198932758783
-0.0036208700576182496
-0.0030660420870541453
-0.003691496805953399
-0.003388850451175134
-0.0030188518937137
-0.003358743641138516
-0.0043362270591815084
-0.003927370389879734
-0.005378985694606225
-0.005507894291914132
-0.003972502400608653
-0.0051738842502446845
-0.00585708057752302
-0.004170628797823732
-0.004531959826910055
-0.006056312589716649
-0.006056312589716649
-0.0061303469467210315
-0.006409156790964588
-0.005461077287794177
-0.005461077287794177
-0.005032673285568232
-0.007322253484056897
-0.005591820428803238
-0.005591820428803238
-0.007117220950534238
-0.005693598743724694
-0.005559310563063351
-0.007994845529432448
-0.005775052202655872
-0.006400320804987462
-0.005686799961005257
-0.006385748286520745
-0.0057133955193721985
-0.0057133955193721985
-0.005534368177299452
-0.005534368177299452
-0.008129116127644985
-0.006270282489251621
-0.00595587516859993
-0.00702811555428238
-0.006569579824552738
-0.006502869191542872
-0.006841658344026134
-0.0069648880393371375
-0.007536400723230668
-0.007023238478041627
-0.009493178035608467
-0.00737304237485891
-0.007351039901772745
-0.006945992397436145
-0.0075580747823055325
-0.007539120298539118
-0.007714740876979754
-0.008058357539168068
-0.008058357539168068
-0.008438223162070196
-0.010423150306342997
-0.00902730502668743
-0.008790360371212521
-0.0083467701660272
-0.00893540410495847
-0.011466654796665704
-0.008850793507924328
-0.008950693388410218
-0.009624614398695004
-0.008944392624265418
-0.012042779799910466
-0.009102398625583926
-0.009102398625583926
-0.009703871252701432
-0.010064778132330426
-0.012670390299284058
-0.010415450593593467
-0.009389666914657887
-0.009772709613853882
-0.010390125013050885
-0.010390125013050885
-0.01105581333857639
-0.010429286965437328
-0.011214175937881083
-0.011578856374603538
-0.011813101217576397
-0.011842547076800448
-0.011071551470542387
-0.012150546084294686
-0.012150546084294686
-0.012150546084294686
-0.01223791446189398
-0.014279525463323
-0.014143905219391894
-0.015191787056476556
-0.015191787056476556
-0.01541068025989713
-0.01614117970042358
-0.015305718248782322
-0.01535519070606967
-0.015525469952376723
-0.016588819753864486
-0.0182288330400052
-0.01668781851768138
-0.01704574800494409
-0.01704574800494409
-0.01819612279035947
-0.018516251551757252
-0.021997561303414313
-0.07209803836447619
-0.07262319011998229
-0.0738350047154857
0.05137374172634138
0.04998403136050663
0.04998403136050663
0.049493450342567254
0.04936645970809774
0.04890404535714163
0.0477129114531989
0.04755943661318408
0.047097689266443164
0.047147951141228855
0.047147951141228855
0.046772732310551034
0.04637284965548933
0.045436753734083436
0.0454056606432606
0.045167013158338924
0.04505615489423677
0.045069087717819215
0.0448669282225694
0.044074905415544985
0.04341216180291983
0.04284832754861192
0.04310355617945959
0.042930157507026556
0.04224567166128232
0.04224567166128232
0.04233279867195697
0.0421684020586843
0.04177994321527055
0.04165203553130265
0.04174866119090477
0.0411064835838241
0.0411904652943887
0.04096548522803803
0.04096548522803803
0.041370212681730946
0.04052059545642152
0.03940084943044486
0.040313061929301904
0.040204179720667484
0.0391613872659394
0.03902509866682732
0.03973873347452917
0.03899285429123738
0.0391418503312158
0.03926430353584681
0.038278446184262724
0.03805199661956117
0.038346316815006554
0.03711728558768164
0.03615420627001846
0.036716791329538645
0.03567142180583968
0.03626376802645472
0.035703356049284346
0.03618552924611263
0.03565411807479594
0.03554518673762113
0.03450749425409351
0.03472682488279373
0.034964990723239185
0.034765240332546646
0.034613830186972915
0.034205642678333474
0.03371499489687642
0.03353574541259591
0.03308910783654908
0.033465570198371646
0.03304674118871885
0.03243309140837679
0.03288583417996223
0.03288583417996223
0.032619530183715245
0.030926968664108136
0.030001284826511175
0.029832891770330505
0.029865559438824008
0.029437310300122543
0.029090796509722374
0.02724216796067265
0.026153375616354068
0.02522530221292654
0.025636869881998422
0.025668554504867824
0.02491478205345056
0.024488508015511303
0.02582219359634852
0.021169813156281032
0.02367042603733491
0.022735615734198043
0.022600193365014704
0.023214663084680554
0.022403063250111058
0.023191049962298812
0.021709488390814966
0.021378722404935064
0.021272079498436305
0.021093636142169653
0.01988400172209913
0.017878884197821188
0.020830571446445616
0.021214924951047844
0.020650624311037646
0.020470328368905975
0.020293339230898773
0.020293339230898773
0.02066295488445974
0.019546869204766202
0.019027553551322036
0.019040936704959537
0.019040936704959537
0.01943649503156043
0.015539960068635146
0.018508504418653267
0.01858326587247688
0.01858326587247688
0.0170923427745223
0.018377822248272824
0.01851313282944837
0.015477643181634849
0.016903755910393045
0.014805669730899453
0.01767267338561956
0.017708176947114688
0.017708176947114688
0.0200375974677393
0.017919919758297428
0.017081237350132727
0.017040830791327406
0.017040830791327406
0.016555921177584306
0.017370901633585335
0.017427062294351845
0.01445232200539403
0.015466293863258705
0.01612823412935544
0.015674368041166585
0.016007819705195214
0.01562974962353635
0.014006860111750322
0.01467681700844139
0.01564803634722525
0.01297426057079437
0.014426584913019925
0.013104006999729273
0.015075632752314588
0.013766707851128053
0.014964586462456575
0.01234484216327237
0.01395453481872796
0.013916492257506076
0.013575842938496754
0.014078063124577964
0.01352870504303538
0.013213399757152446
0.013618930539311154
0.012787887224770754
0.013663213456419928
0.01389927786086359
0.011080320040083561
0.011080320040083561
0.012816915579491503
0.012470176816512397
0.012470176816512397
0.012684777048554164
0.011981700103644882
0.012067883007232804
0.010576010963788298
0.01155058191267325
0.01140272266153553
0.009512730164520344
0.011190764633289248
0.011190764633289248
0.010631896491731683
0.009751003780751027
0.01123423634018878
0.009015952786241756
0.009470277335184536
0.010471599686447149
0.011004758815548727
0.010149578503359957
0.010149578503359957
0.010149578503359957
0.009981142795281766
0.010726033370705546
0.011789602703343404
0.010986626851128242
0.008792075663014678
0.011432781204256582
0.010681250470676567
0.010305154512793503
0.0103494968602962
0.008736207088516907
0.009634307986251655
0.010724393528201462
0.010591849880519819
0.008667891883079317
0.008667891883079317
0.00926957734253361
0.0099819637334105
0.0099819637334105
0.010303725067939105
0.009529699401327743
0.009529699401327743
0.006688409038610013
0.008880958158883213
0.008880958158883213
0.008338753931127343
0.008036555561207344
0.008049078322466355
0.008711924801708482
0.008711924801708482
0.00834656180941666
0.008363561312957594
0.006655279149018112
0.007720103606143616
0.007720103606143616
0.0076989868751010365
0.006783032900381693
0.006820502358714773
0.006820502358714773
0.008585125818749194
0.008006313302227328
0.008046457506856352
0.008046457506856352
0.007999276002330776
0.006263591737512214
0.007249926327528978
0.007016942719613869
0.00681964550781429
0.00681964550781429
0.00681964550781429
0.007392824401768453
0.007392824401768453
0.006964382232866389
0.0069337679766889255
0.006375174845873162
0.006375174845873162
0.0045780838398453896
0.007421922368805249
0.007421922368805249
0.007150554141718034
0.007219259228988514
0.005847683546294545
0.006805700641508201
0.006805700641508201
0.005597013885988521
0.00577444978717372
0.004446634533927097
0.004446634533927097
0.006702568330276188
0.0045913933485098165
0.004700737421689224
0.006700022481811763
0.006700022481811763
0.006743775487624669
0.006620066528571219
0.006533023954651258
0.006153934111299093
0.003935826372937789
0.005736338301308383
0.005736338301308383
0.005618908043860181
0.0053306273063016395
0.004999714261929738
0.004988769234618913
0.004988769234618913
0.005118353749776604
0.005118353749776604
0.0046087505439087965
0.0033972835520998533
0.0018369644907191187
0.004567902184322782
0.004567902184322782
0.00449414606843387
0.002696811916083953
0.002927000914167327
0.003235743582947002
0.003858731677337109
0.002772089059722798
0.0043654346367281195
0.003839095852823743
0.004378961448464357
0.0024001116976758983
0.0033381453123647346
0.0031272421835168186
0.0029942110002464757
0.0029942110002464757
0.0020591835944858646
0.004007945614902677
0.00347700298108521
0.0018327536729294675
0.0025615921936177877
0.0014815006475230265
0.0025825467958934816
0.0025825467958934816
0.0025825467958934816
0.0028325197955374674
0.0028325197955374674
0.0036323417941331025
0.002517873951792794
0.002517873951792794
0.00274869879720527
-0.00023758615177631523
0.0025476408541377114
0.0032062665994815184
0.001768806407122969
0.0029598657112254326
0.0022548129812901625
0.0022548129812901625
0.001997125908203512
0.001997125908203512
0.0021386145162540686
0.0021386145162540686
0.0025671264404990494
0.00044556179374944055
0.0009021633065022792
0.00038535198459371236
0.0012191052546838906
0.0020740529784456212
0.0018510780421321339
0.0008181401977925015
0.0006124179438916432
0.0013858316187145487
0.0015214755077982292
0.0015214755077982292
0.0013270056255978158
0.0008383761675974623
0.0008383761675974623
0.0009766427849679227
0.001220560370421112
0.001220560370421112
0.0011078264320233842
0.0015052321819727882
0.0015052321819727882
0.0008784655171152547
0.000576346487443795
0.000576346487443795
0.001033559162708071
0.001033559162708071
0.0009179413699998035
0.0009179413699998035
0.001442488477698258
0.00018870615907396393
0.00018870615907396393
0.0005862617111959146
-0.0007277517411731296
0.00031080556779590035
0.0007677886887792737
0.0004918740837615537
0.0004918740837615537
-1.0486960936027694e-05
0.0007491754912354656
0.0003835120472884923
0.0010926328322875276
0.0001627522274960175
0.0002721790031024789
0.0002721790031024789
0.0007849031971697706
-0.0014935396274702046
-0.0001623401954416572
-0.0008769108010635779
-0.0006026933905698354
-0.000582853202347818
-0.002048675961896465
-0.0011111850637601835
-0.001325062672469649
-0.0028618936218535677
-0.0003753975854962565
-0.001299630842250223
-0.0009162450501985799
-0.0009162450501985799
-0.0006975686781472408
-0.0008031015494770669
-0.0007413974116478533
-0.0019245616808229722
-0.0014688705083027952
-0.002590686624757353
-0.000333067503402171
-0.000717648931011896
-0.003352747995193589
-0.0006972790755029962
-0.0031829339332330783
-0.0013358139965501327
-0.0016937173391077412
-0.0029708679233018554
-0.001126134834238989
-0.004036210388863615
-0.002737082203400862
-0.005335445502318549
-0.003394559309565592
-0.003142628374491769
-0.00342643511258536
-0.001710496076116908
-0.004545709103503448
-0.0038716994470340835
-0.005045995408642485
-0.005326597040899536
-0.002976815347873352
-0.0028673799200072004
-0.004432181077317731
-0.0037132152399051124
-0.0031587994984233745
-0.0033787079965306014
-0.0033410457553285935
-0.006753723394044535
-0.0050388150122611455
-0.003975704675671303
-0.003975704675671303
-0.003923134759810171
-0.004948686510463009
-0.007492728103736455
-0.004920475372529725
-0.004856733957708591
-0.004899186446537833
-0.0072452464231945995
-0.0072452464231945995
-0.002988665646667154
-0.007336412939362841
-0.00773493098764566
-0.007672251911351007
-0.009198688690760548
-0.004947481783868208
-0.005178038765186062
-0.004595601835510562
-0.00416997561413213
-0.0051848486720835404
-0.004877306785840694
-0.006830216341417096
-0.008806294398812616
-0.009799504273902885
-0.009813760538630634
-0.00904990478013628
-0.005217444759699538
-0.00927411709201098
-0.005162199556197037
-0.006033879631472421
-0.0057620472267626635
-0.005936152837735734
-0.005699121415589368
-0.005703401879093096
-0.005998107578003333
-0.005843371769132463
-0.007634250961066113
-0.00684616987694786
-0.009641367596694917
-0.009870632385356194
-0.006697140482148883
-0.006697140482148883
-0.006665234260629335
-0.006717060393008625
-0.008318614648642543
-0.005800025477530497
-0.0070374647832779245
-0.0070374647832779245
-0.010556336164870391
-0.005842403021058252
-0.01044749453835771
-0.0062532401795227155
-0.006877409356164275
-0.00839688764439908
-0.011602491895367092
-0.007079830963902947
-0.007404947106542283
-0.0076989017461515106
-0.007730906330763486
-0.0070668724744385614
-0.011599641620177003
-0.007575398922403857
-0.009704728626850699
-0.008116658421046299
-0.009229582955202624
-0.012437350481253077
-0.013067651682220254
-0.0124166044227437
-0.010029651495949053
-0.008721124746781272
-0.010234378208978637
-0.01028345142957201
-0.009041384726335876
-0.009582884147873583
-0.009582884147873583
-0.01321620600376768
-0.010589238191834785
-0.008426280639794195
-0.009943215711756333
-0.010675246576923826
-0.008382339636312281
-0.013640642741885343
-0.01123560940477035
-0.00875474163627529
-0.009046103322792511
-0.011204870847016898
-0.011204870847016898
-0.00897024210953061
-0.00925124891945332
-0.011414169828216124
-0.010684645810985821
-0.011341683740856695
-0.011322931576153102
-0.011322931576153102
-0.010079441962222503
-0.011593699952673864
-0.010829728262170813
-0.015998649818785054
-0.016190589939078615
-0.010401315287002142
-0.011668943430195632
-0.01148153929468488
-0.012111951002275594
-0.013464371020167952
-0.016853824083474307
-0.014002491143920085
-0.01691343245723248
-0.014045462048045906
-0.014636623767766756
-0.014990766955413204
-0.015811302957028525
-0.014401105953683237
-0.014092790192104116
-0.014077289562579759
-0.014210067230877645
-0.01484716212203362
-0.0172968989054031
-0.017802018587910525
-0.01826702230548301
-0.015909101134991388
-0.01614287929478881
-0.016206386472460498
-0.0195583412817777
-0.02240360111350322
-0.022108397338830108
-0.023991249171924328
-0.025698004944411105
0.05226211617221712
0.051359436629347825
0.050874381917553196
0.050858393984418944
0.050833512610308614
0.050234996659403904
0.049985802906259
0.04936697066016779
0.04936697066016779
0.046033185282505884
0.046033185282505884
0.049040636249394386
0.0480774176069784
0.0480774176069784
0.04808781145509747
0.04782530721021284
0.04730738773036488
0.04663095495049414
0.0465743720444831
0.046543182487771104
0.04647502854788933
0.04643627374760019
0.04589586754855818
0.045564599674684715
0.043198002488207675
0.043198002488207675
0.04482800375947741
0.04531735832627573
0.044455338002481935
0.04400605998759214
0.04385050296077354
0.04392763362093849
0.04282223572202786
0.04243279232117242
0.04229057460285971
0.04195868349658256
0.041777432253023085
0.041777432253023085
0.04141438179461471
0.04141438179461471
0.041035544303574825
0.040790232914828056
0.04041856467198903
0.040416592079870264
0.040432013087940935
0.04001076376980325
0.039782065834327536
0.03928606938480393
0.03928606938480393
0.03918960107598093
0.038751582415691585
0.03813393657466995
0.03793007765890346
0.037956396755021306
0.037956396755021306
0.03726428654074924
0.03696043506496312
0.0368935516776956
0.036660827893212525
0.03627270232177397
0.03774915927730011
0.03619201607875842
0.03594513717774256
0.03579842573231971
0.035361084901215915
0.03485643451325367
0.03476955188808945
0.03416147620547571
0.03396581346241056
0.0339382553418116
0.0339382553418116
0.03329681719362322
0.03329681719362322
0.033095923785706804
0.033095923785706804
0.03248171993653073
0.03277694477606393
0.03238137615057707
0.03201819256308441
0.031134041212061887
0.03105064178832574
0.030862878989281705
0.030612880081921704
0.030416376453164147
0.030598710952905724
0.030120265784600586
0.03045122766873326
0.030462287019141752
0.030194723457491756
0.02863244006910481
0.02863542421170362
0.02853815885866316
0.028286617163172448
0.028286617163172448
0.02828526922908649
0.028215817415924254
0.028215817415924254
0.027920889159098232
0.027920889159098232
0.02713054112482148
0.02236317549825276
0.026119782615449488
0.025898669250517904
0.024390598122751524
0.024522991507259662
0.024478273741875417
0.02313881956896031
0.022871288091961182
0.022832191621805463
0.022854625473637674
0.022103607880996416
0.022149217429304334
0.022149217429304334
0.022084746479606735
0.022105779297985136
0.02197742902040862
0.02148547778328164
0.021337444057473745
0.02029349195228031
0.020035067296066564
0.021114115095226732
0.02078382314382705
0.019390231369077308
0.02011821259952216
0.019004114318429632
0.018894216820766876
0.01889517562892124
0.019884324953430614
0.01865624847876723
0.018498463871030935
0.0178702710184814
0.018014014134846233
0.018039369098912808
0.017992193575384605
0.01777146966509894
0.016971431017799708
0.016582608162489087
0.016762459186625566
0.016614759870143124
0.017600644456653523
0.016095194765868206
0.015988859595617314
0.016003889710715587
0.015686942796064814
0.015351008311707897
0.01652128258233672
0.015318001110116561
0.015431042455016558
0.015118657581520496
0.016579210020444688
0.014779850902183464
0.014938568930946777
0.014548331322903464
0.014548331322903464
0.014321150139730475
0.014484680572233434
0.014196264500629826
0.015126336744564184
0.013224160332044628
0.01352013745866951
0.01352013745866951
0.014327620004999335
0.014327620004999335
0.01325829236799112
0.013195378881659945
0.013195378881659945
0.01328522668002236
0.013076235150876022
0.013656112229277213
0.012901721403128178
0.012562321748277505
0.01293164232020645
0.012216165960317006
0.012347722462797804
0.012381361367664748
0.012381361367664748
0.012179619776361304
0.011960550561589563
0.012350969339470124
0.011965002012842337
0.011691916541035085
0.01168786047383484
0.012354763157986852
0.012318690102090678
0.011747334079233809
0.011562691428065501
0.01220651894897682
0.012460081647334123
0.012329078019421983
0.010928858754024108
0.010672750145841715
0.011094571580858997
0.010573328549955649
0.011880407584704775
0.011591693746565355
0.010862569013690886
0.010188422463862794
0.011530903169654865
0.010254384437812429
0.010416668305263492
0.010944152390956804
0.01022438647254768
0.010060877851471993
0.01047864153710489
0.010035447625566534
0.010423535716317163
0.009966941433862828
0.009294880958274476
0.009497165383628771
0.009497165383628771
0.010128335954037664
0.010128335954037664
0.009970310636448694
0.010205025500599667
0.008746209627012325
0.009852499354976807
0.009706182354063687
0.009643744771560806
0.009444113357128804
0.008835246446806068
0.009441853807592509
0.009441853807592509
0.009441853807592509
0.008910128977893438
0.008910128977893438
0.008972935973995592
0.008052743133568845
0.008123865133144127
0.008441175793883869
0.008178119285998039
0.008439883465458079
0.010036634789550712
0.007958722396961907
0.008463672059818328
0.008947964253177476
0.008314466381760966
0.007859999223276676
0.007110532643667738
0.007899491149936903
0.007899491149936903
0.009267557942582981
0.0076985980688219985
0.0077749398059523064
0.008821594326061905
0.007368067051160687
0.007771429998375206
0.00869496116946421
0.0076093921889841334
0.00787159043761235
0.007101809191797224
0.007101809191797224
0.0063199318658308905
0.007344382590683666
0.007344382590683666
0.008244655838402637
0.006576367599917691
0.007023295328557622
0.006636509305328551
0.006647867009940741
0.006647867009940741
0.007441095779560361
0.005689974007118098
0.006697559262168217
0.0057796950934059215
0.005981036232703836
0.005981036232703836
0.0065340270338388575
0.006231403879203353
0.0061953649089594946
0.006802361841985636
0.00579317228568663
0.005818981000338677
0.005475920621839466
0.006703760063161158
0.005367819262625005
0.005265135637774753
0.005265135637774753
0.005673819004294906
0.006131865642756868
0.0055580338618159775
0.005512710683991865
0.005512710683991865
0.006007926363708733
0.006232577079716358
0.005963088680127567
0.005640705684275276
0.006142868449902918
0.004648440723999334
0.005755032391780619
0.005444150330396626
0.005444150330396626
0.005419596968325636
0.004541678037988116
0.004956499441205594
0.004488899973051425
0.004675720240831291
0.0041945851996376396
0.004467226739339986
0.005307237954077821
0.005129941470938055
0.0037514568621119814
0.0038701040661495776
0.004258720191977446
0.004101651202992998
0.00016688803980153313
0.00412664185754166
0.004331110302500948
0.004331110302500948
0.0034178058363550498
0.003702440763398855
0.003727036166633739
0.004064568432994859
-0.0004424222749098744
0.0028689568325411213
0.003351215394115694
0.003351215394115694
0.002981273896796306
0.002981273896796306
0.0031707070510606328
0.003920901304027084
0.003069023600979285
0.0035209988400419804
0.003490254505978091
0.002743562612080661
0.002510763967169628
0.002448381578243005
0.0030196437348455245
0.0024990743770313285
0.0032020971720898824
0.0022057212099674183
0.002325444379301961
0.002325444379301961
0.0029371760458038183
0.00292949061241176
0.0031282519327637554
0.0031282519327637554
0.0020024560353691
0.002939703827332219
0.0016849355100867411
0.002227081525975191
0.001877198869790444
0.0017152841638969098
0.001706811837339761
0.001706811837339761
0.0015617739638765448
0.002008999336674999
0.0017793909993509772
0.0013073926478001279
0.00156419455212891
0.00156419455212891
0.0018318260355863086
0.001610715563013098
0.001900753023151838
0.0011129305485545484
0.00019831322442482997
0.001244408903328248
0.001244408903328248
0.0022585869511689625
0.0015106084772889996
0.0012516689130259153
0.00220229802113234
0.0006138090201651191
0.0009007739282936049
0.0009007739282936049
0.0007729300689260495
0.0010377854114364995
0.0019456945899302821
0.0011973316635855227
0.0007965142407198732
0.0012378559635338208
0.0016672686060443974
0.00044498183079600377
0.00041856473975992043
0.0005794722594587345
0.0006895754087722696
0.0012387192011518754
0.000407774370714509
-4.4982430423606076e-05
0.0001635951938828117
-0.0004532243664634738
8.767503072847465e-05
0.000609875588921518
-0.0009514520662473174
-0.0011156641505271913
-0.0009132377401988918
-0.0007744923590276005
-0.00036072262374872645
-0.0014670629498889642
-0.0006383244634239696
-0.00015318707793028055
-0.0013622375290502527
-0.0013891966061754574
-0.0015286865474879248
-0.001793097093454124
-0.002396183286372707
-0.002396183286372707
-0.001960351361618125
-0.0005311504503594873
-0.0007825982497183363
-0.0019100710267627565
-0.0011639682572165556
-0.002540243279492267
-0.0012326920485265683
-0.0022394333530172993
-0.002244764093253305
-0.0013991146101633052
-0.002818124719704021
-0.0028481505764292375
-0.003181269949244002
-0.0016668190234835755
-0.0013397287626041668
-0.004676673046735581
-0.0032010994323406782
-0.0019380513268934592
-0.0028570707690900787
-0.00300163752474277
-0.0014136778677347028
-0.00333686742442465
-0.00333686742442465
-0.0018790233526300851
-0.0036300676621001766
-0.00294803327192714
-0.004030995738676955
-0.004030995738676955
-0.0039796587116260615
-0.003949120345195969
-0.003949120345195969
-0.005814370217143946
-0.005815565808889273
-0.004186976244376993
-0.002603620414095165
-0.004690534631086519
-0.003378688442310185
-0.0030760795535691946
-0.0030760795535691946
-0.004891197075420421
-0.0036423012945415653
-0.0036423012945415653
-0.0027272013199053065
-0.005585474966041305
-0.005230703798747168
-0.0033734112382931528
-0.0034195774937910766
-0.005868761186794847
-0.005868761186794847
-0.0056334333791154
-0.003612616194211374
-0.005532467887298679
-0.0038188374387881645
-0.006973428891776092
-0.00630717174740821
-0.006641013506378255
-0.006296868206165416
-0.006210108055435442
-0.0037894066027843636
-0.006706390991793355
-0.006373698621611536
-0.007430803623337721
-0.007430803623337721
-0.007306842596974632
-0.005350315329835321
-0.007467544991405194
-0.008025206774375643
-0.007063958169272283
-0.007063958169272283
-0.007917506954172444
-0.007084237440244229
-0.0068059245225324016
-0.004840898466496526
-0.007361368229856472
-0.007752069513668186
-0.007752069513668186
-0.005507397695205421
-0.007249606455542306
-0.009072663020350003
-0.005379176490095695
-0.005379176490095695
-0.007801405069731351
-0.007801405069731351
-0.00603855385828383
-0.008683137655716544
-0.006456253302424306
-0.00951240185844031
-0.009135891259014522
-0.006719169882797072
-0.006977261249157162
-0.006228191734447489
-0.008834098260334988
-0.008552160325297117
-0.009224602132987522
-0.008763202375594666
-0.009905523544238235
-0.007094020564945864
-0.008581732013120532
-0.0072310080443399715
-0.008573327938657773
-0.008573327938657773
-0.009733341592430948
-0.006422658880989098
-0.006391212351671262
-0.00999776151263229
-0.010293664257220671
-0.006872379485811755
-0.006476298956141312
-0.00984973272536041
-0.010494182698904318
-0.010139477555298223
-0.006914845354689207
-0.006948581648354876
-0.011017596004508051
-0.009966695515682298
-0.009698384787656718
-0.010517851942397707
-0.011409074126824995
-0.007370007490064635
-0.010413637971539477
-0.011057522773682736
-0.008668237346432085
-0.011022898644760606
-0.007584046656535396
-0.010332208766084466
-0.010431462182870504
-0.01178142299606706
-0.010838808424494703
-0.01201395765043964
-0.009287880363723371
-0.00807468450460073
-0.008327341972276331
-0.01139705076746243
-0.008737311343642858
-0.012105017804775959
-0.009906483179034215
-0.012640664162891323
-0.012640664162891323
-0.013119419917069958
-0.013288867079361935
-0.01064375225937988
-0.013037231338155963
-0.009413702183781332
-0.013197482723190502
-0.009721408482939892
-0.009684068222360386
-0.010262561453262993
-0.009975634917096798
-0.009975634917096798
-0.013810324296464819
-0.013523483116712986
-0.014249481392484109
-0.01208518983090056
-0.012289942225571565
-0.012631801294438175
-0.011451512052444506
-0.012034703798850497
-0.012809101903926184
-0.016159782387985586
-0.013730160828515848
-0.013730160828515848
-0.012985619477632805
-0.018303271394559357
-0.013931825975930621
-0.017623416534844952
-0.013444196398851286
-0.013845184867039437
-0.018328161328796586
-0.019234221241077074
-0.014880500488843797
-0.01945048044236247
-0.016280387279247535
-0.019207422451427134
-0.01984784072254409
-0.01537010926469667
-0.019414297859335513
-0.015553847743628472
-0.019915379377042065
-0.02018237833984992
-0.01754840601680635
-0.021808909843668605
-0.01770522867029535
-0.020112170016252203
-0.021009020297549884
-0.021188067325460618
-0.021741870617141754
-0.023615896405503208
-0.024542096705356464
-0.024542096705356464
