0.0031067099764548337
-0.006412269413470786
-0.0059346376594335715
-0.00895434730225408
-0.0044431731272409096
-0.007600129213113873
-0.009532310794336186
-0.011640187778296257
-0.005516475053917098
-0.0060726906943517405
-0.011618337811856916
-0.011618337811856916
-0.013079758393556486
-0.012175786427730055
-0.007767484641788234
-0.011747683043471359
-0.006844771260199654
-0.007443495110482624
-0.00853170016700934
-0.013903028525128201
-0.009598011242603254
-0.008920209704244689
-0.015005557945369946
-0.015005557945369946
-0.011776346550621545
-0.012636876593403273
-0.016331827528656365
-0.013019234581387823
-0.009393527880225936
-0.016371508947742
-0.016282122884932394
-0.013173504847548506
-0.02675045127188343
-0.01657354096750691
-0.020596505705728095
-0.02669835039038956
-0.009548244062752224
-0.01580268945775122
-0.01104377214312813
-0.028414273978818433
-0.028414273978818433
-0.01840386291283136
-0.025251564775428448
-0.02818024193733739
-0.031400495228733734
-0.021231531755262358
-0.015234047434398119
-0.014678449224597623
-0.03100005604458488
-0.029250182737583615
-0.015309379575301365
-0.016058696866273994
-0.03123257483454823
-0.025313873624996562
-0.019135413758718325
-0.019174996999757457
-0.03640332791403789
-0.027874334216250983
-0.03052602276774751
-0.02041455264369703
-0.033521756079142026
-0.029303477028403288
-0.03163106932784225
-0.01970080444465388
-0.03627018486402863
-0.03119385458282313
-0.02344751193551865
-0.02388016520409954
-0.021252436240494308
-0.03268224927569073
-0.0320377058855612
-0.030179221615681356
-0.030179221615681356
-0.031542024670991174
-0.03753724872833789
-0.03834732700911844
-0.029441386359209853
-0.03678433521055702
-0.03437722013411389
-0.03437722013411389
-0.033706296839116294
-0.030935952595759462
-0.035960317606191956
-0.03312022480123317
-0.03010681700018559
-0.03010681700018559
-0.033817181469779585
-0.034748240467147494
-0.028620391840748174
-0.035696095419041965
-0.03415841276198544
-0.03415841276198544
-0.03794569303874393
-0.03880686304638784
-0.03105892832430149
-0.035030051480492895
-0.03697887350122656
-0.03210657710540749
-0.03049098027600961
-0.028959753784605996
-0.03769506917083495
-0.030987150982990024
-0.031132134015831668
-0.032790083048434865
-0.03696722998537606
-0.03980771810665625
-0.03215699794911281
-0.03294675332151403
-0.03294675332151403
-0.02872196035607528
-0.02932051440416344
-0.03653632732176966
-0.030316786251178326
-0.02831572312585971
-0.030763870174917253
-0.038078174211215
-0.036257568751176236
-0.03449195316618823
-0.03023447240420422
-0.025908940908554976
-0.025908940908554976
-0.0315418610494097
-0.028963809302941235
-0.026645681821028545
-0.026645681821028545
-0.02233493536096549
-0.038846502849746334
-0.03389453607596258
0.001144806994716728
-0.03189631438638639
-0.02903694761394162
-0.035532405094142946
0.011547619069179749
0.011547619069179749
-0.03137815574102585
-0.030105617119368894
-0.030105617119368894
-0.007471507539024091
-0.03209368031084102
-0.03776415625958941
-0.03123362432028586
-0.008478094819561542
-0.027060768214721947
0.015106718855022069
0.015106718855022069
-0.027919250366714325
-0.03150877129444208
-0.0299087995872532
-0.03352446689859404
-0.024042923645066848
-0.03251469061873246
-0.02339542281036649
0.006280612223391289
-0.03354261055641327
-0.03354261055641327
-0.02845862007857707
-0.023839313010182096
-0.0327601498386289
0.022704332400940355
-0.03508325100846829
-0.026841362464003333
0.011113443590602456
-0.02241055168476535
-0.008900394152364302
-0.026975798255872277
-0.022857043698990713
-0.022857043698990713
-0.02964150410145071
-0.01271700872109121
-0.028831026518604932
0.008367385947280745
-0.023564803738115262
0.0223734933772938
-0.013680198838012308
-0.0160686483326286
-0.02098813681469293
-0.022018414658096955
-0.016614418150659675
-0.009448522779124786
-0.026083766426411893
-0.031127368508564342
-0.026677146746348343
-0.0074738935021518545
-0.002546581783059529
-0.02745540341717881
-0.001258414001850255
0.03171962181502953
-0.02884536739762384
0.008861931017425924
0.008285107209609972
0.005612284374851861
0.031076956948242015
-0.014951276328296119
0.00010044915754378215
-0.0026582711238515746
-0.01361797231914449
0.006822347867999955
0.018445821806523665
-0.012852965612711157
0.03232253249054175
0.007879324386656478
-0.0028345304796422955
-0.0017134466260183448
-0.02303670836820782
-0.012173826240746576
-0.012173826240746576
-0.009053942653827795
0.01913620424716033
-0.022231444713600366
0.0004990947021582372
0.017007044330820054
0.017007044330820054
-0.010794657757985254
-0.010794657757985254
-0.011918295520601252
-0.011918295520601252
-0.02173580817632067
-0.0074460503201574406
-0.0074460503201574406
-0.022794105717526082
0.0028204862958893006
0.01985925009649066
0.01802742975956158
0.006860048616127074
0.006860048616127074
0.005064310768467891
-0.011730704166115529
0.01486122112927013
-0.023309136147368997
-0.00359261688564861
-0.00359261688564861
0.0030200746888373172
0.013240030409327704
0.010346296929117371
-0.025539480150543335
-0.025539480150543335
-0.005454735919450568
0.01454584670124105
0.026026116112411853
0.00513023029039133
0.009122640710346042
-0.00993298758120644
-0.00993298758120644
0.006888867233937038
0.022369970613920077
0.019971034740600364
-0.004479761674352117
-0.002707206920258704
-0.005927064164104108
-0.0051038140600517335
-0.0051038140600517335
0.03804189283052885
-0.01039755208085831
-0.01039755208085831
0.018988758052375928
-0.024221419946912955
-0.027139498112213164
0.002727789027639365
-0.006557798641658206
0.03856861709673152
0.023524043942151424
-0.009124358095279995
-0.01045335760292133
-0.0010424931595552727
0.040168809244747354
0.02498119592629834
0.010211368366036951
-0.0055727819764485945
0.02625636787131345
0.02625636787131345
0.03136382491589912
0.013571950354467238
-0.0012287811877305789
0.03231972500138356
0.02904767776985903
0.01970836441432222
0.01970836441432222
0.04061792743327829
0.0004597511299045206
0.026523708771665346
0.016292445986033823
0.012519044280434587
-0.0022550566703035293
-0.0022550566703035293
0.010297645693884092
0.01396131875706833
0.011992111589780927
0.04074521967658012
-0.0027178988032046246
0.00987943746392429
0.02701871565295144
0.011150602995793502
0.011150602995793502
0.01689590739765856
0.03380204911876278
0.008349305337696135
0.0001987288040957684
0.01252345619014649
0.01252345619014649
0.0076835271336845885
0.0076835271336845885
0.0021727799850268024
0.011588166388775311
0.011588166388775311
0.013481117137542006
0.0032790627968795265
0.010158180158414081
0.001079722911917976
0.007327507906525147
-0.0003572670315034411
0.003805670144634869
0.006136356335185576
0.006136356335185576
0.009571439871251239
0.017121366737788125
0.002607972613947251
0.012189376882144609
0.010467002568248509
0.010467002568248509
0.01277973609872897
0.007532642630690303
0.007532642630690303
0.01653951938612763
0.018404878838596393
0.009075194415250008
0.004106225973957565
0.014785471854470213
0.006864068305139584
0.03165954832464179
0.0034195373097955133
0.012429408206220197
0.006235634870488122
0.017654236591224757
0.010803997769513178
0.014196921658526781
0.007772008381808499
-0.0062130721823865165
0.024845974361988748
-0.008386101565934244
-0.008386101565934244
0.01197302654156184
0.0009893283108327706
-0.030396620686485246
0.026804639420601312
0.03908153231328414
0.014705798289502442
0.046613655024664365
0.03991481029753748
0.007179487718006352
-0.012157574747853502
0.028478111506712013
-0.00874193246336585
-0.00874193246336585
0.017189877820716924
0.008917189643260819
0.02166322044995797
0.04147840529887352
0.031744600453256014
0.015948994249548334
0.0328209382209416
0.006773566258854191
-0.005451024216821969
0.008192611718019048
0.00382699749438704
0.00382699749438704
0.02659292531275115
0.009833916247015547
0.006161045963044218
-0.009303111993255715
-0.0031364837347069943
0.00752915787432493
-0.008434579846413227
0.02214320044854994
-0.004964471354913199
0.03794290761251023
0.043579832018883394
-0.0036402631275618096
-0.0036402631275618096
0.005893200564121229
0.011289471844812757
0.00458303355374314
-0.007325542101312907
-0.005283250035972821
-0.005283250035972821
-0.0033645475970157934
-0.0033645475970157934
0.0056740637568533205
0.029799489600029663
0.028171813672795747
0.010768490308877497
0.015315845633756348
0.03714949638914256
-0.02158366514349079
-0.032361197993585805
0.023030004858094002
-0.03482922398584446
0.04227484718859447
0.004941924864049691
0.0006490835467486711
0.0006490835467486711
-0.007677243537029639
0.028133062971978092
0.031166496779011513
0.04694622008385979
0.023656079520131816
0.0348576558597345
0.00513122063361558
0.025945206572710922
0.025945206572710922
0.04097847523663615
-0.009538530729445091
0.008247437737328873
0.03636272801539592
0.04818217205157105
-0.007290489083471419
-0.03477475197981254
-0.006606035304517212
-0.01660375567462889
0.04690050180060526
-0.009598368619273564
-0.009598368619273564
0.005317152732145606
-0.03284867940391021
0.03875353755728326
-0.008887738955031409
-0.01542084219285018
-0.01542084219285018
-0.01542084219285018
0.03737782688664417
0.00013682486487703573
-0.01610975026770562
-0.01610975026770562
0.044462926883549705
-0.034307114285074804
-0.01221673997586201
0.031470743895010304
0.041968315575219226
0.04384583132138998
0.020765705449650177
-0.03628028679631809
0.018237197586463236
0.004631556309549856
-0.024820378275387668
-0.03322314709785706
-0.012986807779145078
0.013781355550058605
0.0001344706961477189
0.006629615724670873
-0.008455051925294383
-0.02090063773059822
-0.0149310799775386
-0.009639183754818247
0.02858972640302882
-0.011077438492490169
0.010471706607527198
0.05602859341360493
0.02110649654914154
-0.023088657435010044
0.03545485146757972
-0.002285396882707637
-0.024047261284840124
-0.0013623814729220912
-0.007430637026443537
-0.03788465473840558
-0.005675713494379079
0.04166658186465228
-0.012315120588795405
-0.03611221740364722
-0.006066353709710288
-0.016152453042205243
-0.016152453042205243
-0.014453613461022382
0.04555505697533439
0.05087094512828477
-0.009208952225161283
0.0006907142631728324
-0.0349038063548435
-0.008152087534047026
0.05733077129928816
-0.010767432828179603
0.04545477771709361
-0.037227109994413005
-0.010021785905823371
0.05015601756317488
-0.0312573064083794
-0.03657494859641562
-0.029885608989650383
-0.015276584707512196
-0.020680007691759334
-0.012797207937764217
0.0450792072070545
-0.004528025539808622
-0.019294556267090406
-0.014097852646944239
0.04456531737978199
0.05767966489957733
0.01456814367704893
-0.026802003275793133
-0.009275216258169364
0.031221870310033716
0.05361023207500499
0.05291719463975516
0.05291719463975516
0.050394181855555456
0.050394181855555456
0.029132507352990035
0.029132507352990035
0.05175054743043439
0.051078733464178
0.047649343404396166
0.05226107901700078
0.048742813352275004
-0.024717671388624907
0.013286585063923982
0.055587047460175606
-0.02605749362682018
0.032032149891057106
-0.03500131655509072
-0.03257864339820899
0.027628275342958
0.00946587892625337
0.00946587892625337
0.04955721875050815
-0.03253768513149056
-0.03583218182687368
-0.03912784033995827
0.030495863351717056
0.04533341744950172
0.05615885840071387
0.006724243775100084
0.056880888983382866
0.005823199455060328
0.057590485261906785
0.05824245817645698
0.032870015578546505
-0.03390430307903865
0.04896551180266191
0.058675247878614036
-0.0366919642581904
0.028325245365886393
0.028325245365886393
-0.03443807372296024
-0.03744808731299848
0.007964094335420713
0.0538968181840824
-0.03203516946493055
0.05055972569852899
0.009173228490989912
0.055251200571651775
0.055251200571651775
0.055251200571651775
0.0069177551189440085
0.054875249530617516
0.005508047979977719
-0.031687650742548874
0.03046352904919527
-0.036536620106757005
0.04310388668778337
0.04409976445397021
0.050014505903390204
-0.03256853613501043
-0.03529511767994768
-0.03529511767994768
-0.036043932567544366
0.009864666958023724
-0.03548794063160637
0.052645822464328466
0.05585617389018735
0.05329352012619619
0.01019661254135229
0.055013993137841895
0.007999163451457765
0.0036039020335917856
0.0036039020335917856
0.009645670044703515
0.05485917214342364
0.008811248620372861
0.051067777831710535
0.05211130172528872
0.05141958839745556
0.0008470905667429349
0.0530461498920942
0.0003845876596604235
0.002083928235641749
0.0063236011476171545
0.004436654096354719
0.0030309985989133157
0.0030309985989133157
-0.0026588345214445938
0.0048991175532365075
-0.002179023996682283
-0.000553155267408831
-0.005727766353175702
-0.003469539684657231
-0.0007029408884055079
-0.007151442539423594
-0.004130840076743654
-0.007815506205394097
-0.007815506205394097
-0.0033743915974134894
-0.008326920376445597
-0.007987700149255796
-0.0032548870230546243
-0.006774243478093204
-0.003764192870822391
-0.005939020636499087
-0.003079385531690709
-0.007162481159597379
-0.004482589502024064
-0.00668821042215737
-0.011199660905859096
-0.005273317517698574
-0.00812228086508985
-0.008956917074566839
-0.012561616840995691
-0.007358991437307369
-0.010928795971466256
-0.010928795971466256
-0.00932185973293347
-0.005778885424993714
-0.005778885424993714
-0.008660337446861401
-0.0062396308860232525
-0.018410903132343573
-0.007068998128624111
-0.013341394489676958
-0.008104733680447333
-0.017571619226751087
-0.012871379464794318
-0.022108181555010216
-0.011545042661867325
-0.012129572846288437
-0.006010925628209206
-0.01162379390729662
-0.021660431866492816
-0.014720365471827672
-0.014720365471827672
-0.018783426315051414
-0.017563108879254094
-0.02149719013055816
-0.027215918709416094
-0.01898449243165289
-0.02549480400214623
-0.011123678370065785
-0.011854494589744594
-0.027478020871282715
-0.017811135975439436
-0.028853307982371516
-0.021650774865571498
-0.029630593446746
-0.01565344909327788
-0.026912695505379915
-0.02428874579749325
-0.029917693184504882
-0.029917693184504882
-0.02573751209665839
-0.028024899085781204
-0.01688059789476036
-0.02181422605237148
-0.01622237835716444
-0.022793461292605656
-0.02383443382111146
-0.024751274308129238
-0.02919274925472714
-0.020419537594479144
-0.02807687266138438
-0.026715425579322327
-0.025364905377735714
-0.03197668971940894
-0.034141889144970676
-0.0260210390798959
-0.03340873771034876
-0.030974886507301812
-0.030974886507301812
-0.030355372289333195
-0.030355372289333195
-0.02977638554848998
-0.03262343895034424
-0.02758885791130911
-0.03048287883731154
-0.0345831668313731
-0.026822144653594057
-0.025355386500988876
-0.02985368864580742
-0.027427271309010976
-0.029823438024329824
-0.029823438024329824
-0.029823438024329824
-0.03192258355875858
-0.03192258355875858
-0.035675747015793194
-0.02777654595329859
-0.028970362305311654
-0.029974248585573175
-0.027631760433231796
-0.029789072973096277
-0.029617410594233666
-0.035748733419074884
-0.035748733419074884
-0.02489169475159181
-0.032004227037912475
-0.030144968138296792
-0.027577544208724596
-0.02875102050971562
-0.02875102050971562
-0.02806045628526168
-0.03225939249453396
-0.03667839786722847
-0.028930567362399063
-0.023272020342096682
-0.023272020342096682
-0.02820510078038774
-0.036480849742063205
-0.029755177297384396
-0.030638325634821897
-0.036284045768405736
-0.02541687307293987
-0.02541687307293987
-0.034255836079532746
-0.03564107094756689
-0.02603065940678646
-0.019827706394843936
-0.03615827822509531
-0.029473937051733633
-0.026590608110840422
-0.03315484748577487
-0.03176830403688644
0.0032754754371988465
-0.025029452757827392
-0.02349633982384306
0.0027232122373838804
-0.02780431348880434
-0.02780431348880434
0.004340513934382381
0.004340513934382381
-0.0354883750321211
0.004502622268818785
0.01403900359861588
0.015869626211255785
0.013494500462764186
0.013494500462764186
-0.025619402899139956
-0.02924977178982821
-0.005293967405402867
-0.005293967405402867
-0.031363599535381814
-0.027742917041945946
-0.032687545106481745
0.0051188252428231865
0.016902795641489183
0.016902795641489183
-0.02888107008199383
-0.0209853358808352
-0.01866168657498199
0.0027524961096162754
-0.02632784402598708
0.008150026730421561
0.008150026730421561
-0.024705424992186645
-0.028911788281716623
-0.020469637844174632
0.02422774552809642
-0.011330395053718604
-0.011330395053718604
0.012859409526032768
-0.02058305798071303
-0.014813730810102491
-0.026885314511366998
-0.009280199134548202
-0.028234488668021602
-0.025602456483291104
-0.021657399728084382
-0.03105712502110747
0.004520696438350281
-0.014184630146383886
-0.02011536275925627
-0.02416557386780422
0.023889250325739495
0.029279601085655645
-0.01008215126908227
-0.01173297857243794
-0.024780822888018052
-0.029371003403902977
-0.025574232106644338
-0.025574232106644338
-0.028480306898686584
-0.026993503807363515
-0.0009448061174199154
0.023757279377578336
-0.005575346220484282
-0.009702607121793081
0.008552598398488584
-0.027268824068208106
-0.01313722150416784
-0.019980954910230886
-0.0008700956579548249
-0.025576980065292094
-0.005898807449257733
-0.011895733376231194
0.007240088470494009
-0.011111268298138204
0.0017618859406403036
0.004337229244314575
0.009889880146485836
0.009889880146485836
0.016480503744257552
-0.0011131226797514502
-4.269965094864417e-05
-0.005614819578998714
-0.024216494704707818
-0.00801809361037712
0.002072711308527377
0.03336604740570681
0.03336604740570681
-0.009132743651739805
-0.02004754228183857
-0.010215985581598573
-0.02110341806851613
0.03213154950178809
-0.018276085129586346
-0.018276085129586346
-0.01919622040096415
-0.024964826657940184
0.01689330215523925
-0.01015220741215185
0.03260375575926632
-0.020759314835113438
-0.020759314835113438
0.033305547337504036
0.0030239373433972924
-0.002099133923697198
-0.002099133923697198
0.011341853934431129
0.019622811808430098
0.019622811808430098
-0.012298664350128993
-0.018184313316721375
0.014651858603099449
-0.01101992986719053
-0.004465108008146025
0.010485507039106006
-0.0036346760691882817
-0.008917381739847918
-0.008917381739847918
-0.018193588702211622
-0.012741726189673924
-0.012741726189673924
-0.005105762363510993
-0.007716893838976407
-0.007716893838976407
0.011334781059909954
-0.023743183204888777
0.020202758324659825
-0.01926808832079566
0.011489040815728309
0.013574165199041506
-0.01967243301860922
0.00357980855098907
0.0035847097853127117
0.038818545403068894
5.50391919208954e-05
0.008428539719867808
-0.0020058602969740174
0.0393210742648161
0.0017012629389940488
0.014782324383983357
-0.006672385498142883
-0.0014644084523262565
0.020814694413563116
0.020814694413563116
0.01741977320142342
0.01741977320142342
0.011490799543225216
0.011490799543225216
-0.012938430990123498
-0.012938430990123498
0.001605902530060802
-0.019474176146542226
0.0013770494575040886
0.011040305755356595
0.011040305755356595
0.009509555632386878
0.012296312562637357
0.017976663065814257
0.028051993106494654
-0.018577224846027012
0.04131849476582457
0.012728951617694788
0.014559440876429136
0.014559440876429136
0.0022308653237594015
0.026487274779840784
0.0008003457928328398
0.0008003457928328398
-0.0018011077134722285
0.011327042967379571
0.0049100261187549265
0.0049100261187549265
0.008433785477457023
0.012655393961777622
0.012655393961777622
0.007252027922155254
0.04142709350099166
-0.006205730207554626
0.011930719753177202
0.011930719753177202
0.0036950610607861664
0.018112210109691867
0.013224115917431334
0.005144002549355952
0.008575801216762002
0.011508877116344282
0.011508877116344282
0.010099789687132434
0.013761846300990721
0.03475273163976463
0.019360551281487927
0.007893260410587638
0.03593771309733624
0.002745374338932777
0.002745374338932777
-0.005165069000164874
0.007248766592951846
0.013392037703128662
0.0185918649076677
0.011749097091630405
0.004905294812326129
0.015166000584320131
0.015166000584320131
0.012908882533764963
0.025666754403457205
0.03164444687649685
0.00062443095082135
0.029631343967199034
0.01446488861860112
0.032349578848072026
0.008027426092676938
0.008027426092676938
0.006834453686027079
-0.004581232269323789
0.020509249460990947
0.004600897944157939
0.004600897944157939
0.009880339744994368
0.009880339744994368
-0.007571856507776811
-0.004154901876442335
0.016820146553815352
0.029295307572042524
0.009045221194036421
0.03790357116289888
0.000895598117244932
-0.0027862832030182134
0.00703063542141448
0.010689060210343031
0.027414191697107355
0.008384421152295922
0.03252640813539371
-0.004526655671485592
-0.004526655671485592
0.033595754679572425
-0.002601025490466002
0.006722814460685849
0.010354803277333718
0.02951517354795757
0.02951517354795757
0.03461230166079669
-0.034241429406916934
0.008086240298140571
0.005370908670982057
0.01209881591785954
0.041513899388469916
0.02612513854070217
0.006416954944398034
-0.000288088971704152
-0.027860174224470804
-0.006937864802969251
0.03631803565182469
0.008987778202313598
0.03273888575029779
0.0288894218771601
0.0013016822413893798
0.038670585725021155
-0.009632401927104175
-0.009632401927104175
-0.01173209991420324
0.033635190009121615
0.024403818946988304
0.044979381416229126
0.030559606863467058
-0.0317908887005929
0.0057104498840988595
-0.002555988317476441
-0.002555988317476441
0.02941608365516471
0.04422566968099532
-0.0066275701846844545
-0.034370494464845074
0.04901450538486599
0.03791726702707273
-0.004618710389501481
-0.03242942267826099
0.04120578205244923
0.005837952824354724
-0.020104550909414435
0.029342231436730995
-0.01600072795475711
-0.008265942354818513
0.031814842069561776
-0.014817963612568572
0.028699053579058328
0.00897037033873973
-0.010571680008457093
0.04113021169511487
-0.007225195943880143
-0.007225195943880143
0.035439396737451834
-0.03396779293408997
0.017084172046539142
-0.03597001189701908
0.03938160563967513
0.008288499688052573
-0.017840765122626306
-0.02438078353542601
-0.0037909006000785422
0.02126721167380591
0.04892781165364208
0.00596267041947301
-0.012465807311839232
0.04158633437001165
0.020385984877857817
0.016044951590298673
-0.00793419762587936
0.014131376798739291
-0.021584175007864494
-0.014428412428913117
-0.014428412428913117
-0.009159768147321067
0.007487162862045919
-0.03761441004137257
0.018242481850927614
0.031193904172471452
-0.0017685148357433705
-0.010563679085100254
0.038418835500016846
0.038418835500016846
0.0065908156392802016
0.04892530915099614
-0.03427090255709832
0.051000781571333115
-0.023682804519063308
0.021581796793609914
0.039294475404181295
0.039294475404181295
0.015699582085062384
-0.013587891762034905
0.005952009768848812
0.04752619657220901
0.0006854721053671532
-0.0204103362121034
0.046994333253578414
0.04495451838689121
-0.011945898838630408
0.035971269316531405
0.035971269316531405
0.01582277620985497
-0.011115768699371961
0.04248514276843082
-0.0348035182764748
-0.01404776429154504
0.029039765446816516
-0.015751246286487355
-0.015751246286487355
-0.005649371297488997
0.013787661779469194
-0.024465865022231557
-0.013315509492043074
-0.036483069346166415
-0.008822421837009932
-0.008822421837009932
-0.010429402213288391
0.019167326036880098
-0.007818831465273261
0.03783386161932075
-0.029678307104388495
-0.009661463781641453
0.0426866215840818
-0.02037363858064329
0.027633440098238732
-0.014944989746612122
-0.012465970640142286
-0.02660291789877895
-0.013794273353461048
-0.029335740460553608
0.02688967244226343
0.02688967244226343
0.05019468089589297
-0.011781017120202245
0.04131712508801991
-0.03236883576780454
0.05135354305426138
-0.008966197387807313
0.04477081561113132
0.04611059741744283
-0.02174643853403264
0.05168991812146839
-0.02065811923336328
-0.03478648289072886
-0.03478648289072886
0.04596859442517042
-0.01175990625633182
-0.03735650059186838
0.05334279240496203
-0.017894747109836434
0.05087307184321626
0.04557121345131415
-0.03507353208856254
-0.024668249532731324
-0.024668249532731324
0.013412549265021926
0.009517910681613078
-0.037545103839355
-0.01705749858214345
-0.03609615853401487
0.028935295924847206
0.051146927922332504
0.05469771634010351
0.02727157107160997
0.046772565965383865
0.046772565965383865
0.06042190435740028
-0.032572502853197155
0.054048630120314516
0.054048630120314516
0.02816039175524124
0.04817103171955241
0.03269047811306485
0.028744061978076378
0.04933212739018022
-0.03411713961973995
0.03024667026316262
-0.037083293161746765
0.011162199397848847
-0.019014158578338138
-0.019014158578338138
-0.037859325106868805
-0.033987317695805604
-0.013396778616050238
-0.019474114107351934
0.05012246557618951
-0.01847786416250561
-0.016376489836768825
0.05337458737027367
-0.03677358746316906
0.032290414611892304
0.04555979345756831
0.006671346205949692
0.006671346205949692
-0.032863606341227654
0.005281395914396968
0.005281395914396968
-0.037097038310239715
0.028692641463710884
-0.016781192923212413
-0.03231202466389375
0.06086905666261344
0.05832659285263818
-0.03803120502743207
-0.014823532086038626
0.059318634761277154
-0.015480674662132942
-0.015480674662132942
-0.035906874877259985
0.05643827105932612
-0.016930152241220877
0.028898240457978636
0.060503112903558476
-0.03291340634375071
0.05463719656600322
0.04618453331410387
0.0572825539099684
0.05624057748856594
-0.018165495374159533
0.029366030065388214
0.028941896080409545
0.056345654006590425
0.056345654006590425
0.009508005777164194
0.05995351192789352
0.044445756829539655
0.031962947085946596
0.053384082448554304
0.050441282132943306
0.050441282132943306
0.00985480743588437
0.04362499550921785
0.04446755450672306
0.029707855132663313
-0.0003329033468638277
0.034576301116780686
0.034576301116780686
0.03584956369924402
0.053142681428033044
0.05655484206372973
0.02812306762941141
0.0037209345216366856
0.05381247604820513
0.002282678226751795
0.006846265988621722
0.0010087248456984175
0.05433924690058852
0.052234647878898935
0.052234647878898935
0.05593142112813138
0.05593142112813138
0.007488174329248755
0.05145407991651454
0.05574123581003255
0.05179666674457711
0.05179666674457711
0.05367951101791843
-0.028078953874751664
